n,p,noise_sigma,itr,dim,add_var,sum_var,deflation,method,elapsed_time
100,200,0.1,1,1,0.997402634909387,0.997402634909387,HD,SCCA,0.03281225
100,200,0.1,1,2,0.993666020969105,1.99106865587849,HD,SCCA,0.03281225
100,200,0.1,1,3,0.28170908433635,2.27277774021484,HD,SCCA,0.03281225
100,200,0.1,1,4,0.416312745964752,2.68909048617959,HD,SCCA,0.03281225
100,200,0.1,1,5,0.998771994380068,3.68786248055966,HD,SCCA,0.03281225
100,200,0.1,1,1,0.952683515170288,0.952683515170288,HD,GN-SCCA,0.112490292
100,200,0.1,1,2,0.517287353908205,1.46997086907849,HD,GN-SCCA,0.112490292
100,200,0.1,1,3,0.993125263339752,2.46309613241825,HD,GN-SCCA,0.112490292
100,200,0.1,1,4,0.973845206845262,3.43694133926351,HD,GN-SCCA,0.112490292
100,200,0.1,1,5,0.646914303010474,4.08385564227398,HD,GN-SCCA,0.112490292
100,200,0.1,1,1,0.997829493190682,0.997829493190682,PD,SCCA,0.059218875
100,200,0.1,1,2,0.999834961390589,1.99766445458127,PD,SCCA,0.059218875
100,200,0.1,1,3,0.998621995549749,2.99628645013102,PD,SCCA,0.059218875
100,200,0.1,1,4,0.985735910933679,3.9820223610647,PD,SCCA,0.059218875
100,200,0.1,1,5,0.998042050566778,4.98006441163148,PD,SCCA,0.059218875
100,200,0.1,1,1,0.992205716927469,0.992205716927469,PD,GN-SCCA,0.105999209
100,200,0.1,1,2,0.989109437949368,1.98131515487684,PD,GN-SCCA,0.105999209
100,200,0.1,1,3,0.984050774968173,2.96536592984501,PD,GN-SCCA,0.105999209
100,200,0.1,1,4,0.993397094328355,3.95876302417337,PD,GN-SCCA,0.105999209
100,200,0.1,1,5,0.995579160997847,4.95434218517121,PD,GN-SCCA,0.105999209
100,200,0.1,1,1,0.999230560697605,0.999230560697605,OPD,SCCA,0.013366042
100,200,0.1,1,2,0.998565864133585,1.99779642483119,OPD,SCCA,0.013366042
100,200,0.1,1,3,0.994507174812169,2.99230359964336,OPD,SCCA,0.013366042
100,200,0.1,1,4,0.996002085309373,3.98830568495273,OPD,SCCA,0.013366042
100,200,0.1,1,5,0.99963477056009,4.98794045551282,OPD,SCCA,0.013366042
100,200,0.1,1,1,0.995005416756564,0.995005416756564,OPD,GN-SCCA,0.164800333
100,200,0.1,1,2,0.988966407011382,1.98397182376795,OPD,GN-SCCA,0.164800333
100,200,0.1,1,3,0.996319560474368,2.98029138424231,OPD,GN-SCCA,0.164800333
100,200,0.1,1,4,0.961453830580507,3.94174521482282,OPD,GN-SCCA,0.164800333
100,200,0.1,1,5,0.972842424765299,4.91458763958812,OPD,GN-SCCA,0.164800333
100,200,0.1,2,1,0.999548878662019,0.999548878662019,HD,SCCA,0.06520425
100,200,0.1,2,2,0.965607960493597,1.96515683915562,HD,SCCA,0.06520425
100,200,0.1,2,3,0.783736779630394,2.74889361878601,HD,SCCA,0.06520425
100,200,0.1,2,4,0.998506566164172,3.74740018495018,HD,SCCA,0.06520425
100,200,0.1,2,5,0.99911030519174,4.74651049014192,HD,SCCA,0.06520425
100,200,0.1,2,1,0.949222374958405,0.949222374958405,HD,GN-SCCA,0.130575458
100,200,0.1,2,2,0.990823488892992,1.9400458638514,HD,GN-SCCA,0.130575458
100,200,0.1,2,3,0.994464194586003,2.9345100584374,HD,GN-SCCA,0.130575458
100,200,0.1,2,4,0.969158805356626,3.90366886379403,HD,GN-SCCA,0.130575458
100,200,0.1,2,5,0.86841292034904,4.77208178414307,HD,GN-SCCA,0.130575458
100,200,0.1,2,1,0.998607267980496,0.998607267980496,PD,SCCA,0.031014125
100,200,0.1,2,2,0.999548878777471,1.99815614675797,PD,SCCA,0.031014125
100,200,0.1,2,3,0.999285578001827,2.99744172475979,PD,SCCA,0.031014125
100,200,0.1,2,4,0.997176212719698,3.99461793747949,PD,SCCA,0.031014125
100,200,0.1,2,5,0.998506566116335,4.99312450359583,PD,SCCA,0.031014125
100,200,0.1,2,1,0.998302490461898,0.998302490461898,PD,GN-SCCA,0.134071625
100,200,0.1,2,2,0.994319268200448,1.99262175866235,PD,GN-SCCA,0.134071625
100,200,0.1,2,3,0.996449181514133,2.98907094017648,PD,GN-SCCA,0.134071625
100,200,0.1,2,4,0.931713175663761,3.92078411584024,PD,GN-SCCA,0.134071625
100,200,0.1,2,5,0.996043224142521,4.91682733998276,PD,GN-SCCA,0.134071625
100,200,0.1,2,1,0.997176222040779,0.997176222040779,OPD,SCCA,0.048702667
100,200,0.1,2,2,0.999285577841163,1.99646179988194,OPD,SCCA,0.048702667
100,200,0.1,2,3,0.998607266913624,2.99506906679557,OPD,SCCA,0.048702667
100,200,0.1,2,4,0.999548878956492,3.99461794575206,OPD,SCCA,0.048702667
100,200,0.1,2,5,0.998506566184487,4.99312451193654,OPD,SCCA,0.048702667
100,200,0.1,2,1,0.998302490461898,0.998302490461898,OPD,GN-SCCA,0.126928542
100,200,0.1,2,2,0.994319268200448,1.99262175866235,OPD,GN-SCCA,0.126928542
100,200,0.1,2,3,0.996288117502719,2.98890987616506,OPD,GN-SCCA,0.126928542
100,200,0.1,2,4,0.935672669464775,3.92458254562984,OPD,GN-SCCA,0.126928542
100,200,0.1,2,5,0.996296395829324,4.92087894145916,OPD,GN-SCCA,0.126928542
100,200,0.1,3,1,0.997129959559633,0.997129959559633,HD,SCCA,0.024803375
100,200,0.1,3,2,0.996783368732876,1.99391332829251,HD,SCCA,0.024803375
100,200,0.1,3,3,0.995424081932132,2.98933741022464,HD,SCCA,0.024803375
100,200,0.1,3,4,0.998868533550108,3.98820594377475,HD,SCCA,0.024803375
100,200,0.1,3,5,0.998170204405518,4.98637614818027,HD,SCCA,0.024803375
100,200,0.1,3,1,0.979659136143457,0.979659136143457,HD,GN-SCCA,0.141672583
100,200,0.1,3,2,0.996879703634154,1.97653883977761,HD,GN-SCCA,0.141672583
100,200,0.1,3,3,0.870801053488366,2.84733989326598,HD,GN-SCCA,0.141672583
100,200,0.1,3,4,0.980326074957528,3.82766596822351,HD,GN-SCCA,0.141672583
100,200,0.1,3,5,0.768976866140133,4.59664283436364,HD,GN-SCCA,0.141672583
100,200,0.1,3,1,0.996489018054196,0.996489018054196,PD,SCCA,0.083608417
100,200,0.1,3,2,0.998590605822421,1.99507962387662,PD,SCCA,0.083608417
100,200,0.1,3,3,0.998835432336629,2.99391505621325,PD,SCCA,0.083608417
100,200,0.1,3,4,0.998059213840417,3.99197427005366,PD,SCCA,0.083608417
100,200,0.1,3,5,0.989970211428392,4.98194448148205,PD,SCCA,0.083608417
100,200,0.1,3,1,0.996889937056671,0.996889937056671,PD,GN-SCCA,0.143757791
100,200,0.1,3,2,0.988315596524068,1.98520553358074,PD,GN-SCCA,0.143757791
100,200,0.1,3,3,0.958160115637716,2.94336564921846,PD,GN-SCCA,0.143757791
100,200,0.1,3,4,0.99573140757347,3.93909705679192,PD,GN-SCCA,0.143757791
100,200,0.1,3,5,0.994719596745037,4.93381665353696,PD,GN-SCCA,0.143757791
100,200,0.1,3,1,0.998059212614492,0.998059212614492,OPD,SCCA,0.06043575
100,200,0.1,3,2,0.998590606980876,1.99664981959537,OPD,SCCA,0.06043575
100,200,0.1,3,3,0.996489018571576,2.99313883816694,OPD,SCCA,0.06043575
100,200,0.1,3,4,0.998835432379272,3.99197427054621,OPD,SCCA,0.06043575
100,200,0.1,3,5,0.976804879664157,4.96877915021037,OPD,SCCA,0.06043575
100,200,0.1,3,1,0.996889937056671,0.996889937056671,OPD,GN-SCCA,0.128121625
100,200,0.1,3,2,0.988315596524068,1.98520553358074,OPD,GN-SCCA,0.128121625
100,200,0.1,3,3,0.95815995016814,2.94336548374888,OPD,GN-SCCA,0.128121625
100,200,0.1,3,4,0.995737305534999,3.93910278928388,OPD,GN-SCCA,0.128121625
100,200,0.1,3,5,0.994816355265913,4.93391914454979,OPD,GN-SCCA,0.128121625
100,200,0.1,4,1,0.996738739527646,0.996738739527646,HD,SCCA,0.0332105
100,200,0.1,4,2,0.998906039751981,1.99564477927963,HD,SCCA,0.0332105
100,200,0.1,4,3,0.288262279726433,2.28390705900606,HD,SCCA,0.0332105
100,200,0.1,4,4,0.519515433385521,2.80342249239158,HD,SCCA,0.0332105
100,200,0.1,4,5,0.994491411030884,3.79791390342247,HD,SCCA,0.0332105
100,200,0.1,4,1,0.981294927563242,0.981294927563242,HD,GN-SCCA,0.141246167
100,200,0.1,4,2,0.99621398651014,1.97750891407338,HD,GN-SCCA,0.141246167
100,200,0.1,4,3,0.992144178657498,2.96965309273088,HD,GN-SCCA,0.141246167
100,200,0.1,4,4,0.918711337682741,3.88836443041362,HD,GN-SCCA,0.141246167
100,200,0.1,4,5,0.809913714987813,4.69827814540143,HD,GN-SCCA,0.141246167
100,200,0.1,4,1,0.999537680814607,0.999537680814607,PD,SCCA,0.057070709
100,200,0.1,4,2,0.999639969345262,1.99917765015987,PD,SCCA,0.057070709
100,200,0.1,4,3,0.989314776757959,2.98849242691783,PD,SCCA,0.057070709
100,200,0.1,4,4,0.998949511152977,3.98744193807081,PD,SCCA,0.057070709
100,200,0.1,4,5,0.998691507079853,4.98613344515066,PD,SCCA,0.057070709
100,200,0.1,4,1,0.983300824199237,0.983300824199237,PD,GN-SCCA,0.1684215
100,200,0.1,4,2,0.99648061296653,1.97978143716577,PD,GN-SCCA,0.1684215
100,200,0.1,4,3,0.99678881650977,2.97657025367554,PD,GN-SCCA,0.1684215
100,200,0.1,4,4,0.992061339244734,3.96863159292027,PD,GN-SCCA,0.1684215
100,200,0.1,4,5,0.9888001313307,4.95743172425097,PD,GN-SCCA,0.1684215
100,200,0.1,4,1,0.999639969317289,0.999639969317289,OPD,SCCA,0.052825459
100,200,0.1,4,2,0.998691507716619,1.99833147703391,OPD,SCCA,0.052825459
100,200,0.1,4,3,0.998949510649678,2.99728098768359,OPD,SCCA,0.052825459
100,200,0.1,4,4,0.952383857946076,3.94966484562966,OPD,SCCA,0.052825459
100,200,0.1,4,5,0.997618720582054,4.94728356621172,OPD,SCCA,0.052825459
100,200,0.1,4,1,0.998397265306494,0.998397265306494,OPD,GN-SCCA,0.257129875
100,200,0.1,4,2,0.995451343824268,1.99384860913076,OPD,GN-SCCA,0.257129875
100,200,0.1,4,3,0.995344660257594,2.98919326938836,OPD,GN-SCCA,0.257129875
100,200,0.1,4,4,0.969061366826159,3.95825463621452,OPD,GN-SCCA,0.257129875
100,200,0.1,4,5,0.995820564145007,4.95407520035952,OPD,GN-SCCA,0.257129875
100,200,0.1,5,1,0.999093292988777,0.999093292988777,HD,SCCA,0.045133666
100,200,0.1,5,2,0.0430426519439482,1.04213594493273,HD,SCCA,0.045133666
100,200,0.1,5,3,0.998172648652007,2.04030859358473,HD,SCCA,0.045133666
100,200,0.1,5,4,0.0326372953730786,2.07294588895781,HD,SCCA,0.045133666
100,200,0.1,5,5,0.162899172201901,2.23584506115971,HD,SCCA,0.045133666
100,200,0.1,5,1,0.995580360295866,0.995580360295866,HD,GN-SCCA,0.12676325
100,200,0.1,5,2,0.997094812033481,1.99267517232935,HD,GN-SCCA,0.12676325
100,200,0.1,5,3,0.99565615314741,2.98833132547676,HD,GN-SCCA,0.12676325
100,200,0.1,5,4,0.965187704960932,3.95351903043769,HD,GN-SCCA,0.12676325
100,200,0.1,5,5,0.921169547102792,4.87468857754048,HD,GN-SCCA,0.12676325
100,200,0.1,5,1,0.997041710351254,0.997041710351254,PD,SCCA,0.042749208
100,200,0.1,5,2,0.998644967639519,1.99568667799077,PD,SCCA,0.042749208
100,200,0.1,5,3,0.986959237957837,2.98264591594861,PD,SCCA,0.042749208
100,200,0.1,5,4,0.998442480487554,3.98108839643617,PD,SCCA,0.042749208
100,200,0.1,5,5,0.997577440234218,4.97866583667038,PD,SCCA,0.042749208
100,200,0.1,5,1,0.993794066787823,0.993794066787823,PD,GN-SCCA,0.120149666
100,200,0.1,5,2,0.995591401661113,1.98938546844894,PD,GN-SCCA,0.120149666
100,200,0.1,5,3,0.990318104040341,2.97970357248928,PD,GN-SCCA,0.120149666
100,200,0.1,5,4,0.987059988018957,3.96676356050823,PD,GN-SCCA,0.120149666
100,200,0.1,5,5,0.9891086907268,4.95587225123503,PD,GN-SCCA,0.120149666
100,200,0.1,5,1,0.999398194352173,0.999398194352173,OPD,SCCA,0.050426167
100,200,0.1,5,2,0.998782943215043,1.99818113756722,OPD,SCCA,0.050426167
100,200,0.1,5,3,0.998924121744052,2.99710525931127,OPD,SCCA,0.050426167
100,200,0.1,5,4,0.999344504733518,3.99644976404478,OPD,SCCA,0.050426167
100,200,0.1,5,5,0.998206197849496,4.99465596189428,OPD,SCCA,0.050426167
100,200,0.1,5,1,0.993794066787823,0.993794066787823,OPD,GN-SCCA,0.143566667
100,200,0.1,5,2,0.995591401661113,1.98938546844894,OPD,GN-SCCA,0.143566667
100,200,0.1,5,3,0.990208748464217,2.97959421691315,OPD,GN-SCCA,0.143566667
100,200,0.1,5,4,0.986141124454693,3.96573534136785,OPD,GN-SCCA,0.143566667
100,200,0.1,5,5,0.988439941821721,4.95417528318957,OPD,GN-SCCA,0.143566667
100,200,0.1,6,1,0.998815601759126,0.998815601759126,HD,SCCA,0.037627459
100,200,0.1,6,2,0.998602479449047,1.99741808120817,HD,SCCA,0.037627459
100,200,0.1,6,3,0.999442009063022,2.99686009027119,HD,SCCA,0.037627459
100,200,0.1,6,4,0.998758091433009,3.9956181817042,HD,SCCA,0.037627459
100,200,0.1,6,5,0.822241831627901,4.8178600133321,HD,SCCA,0.037627459
100,200,0.1,6,1,0.997337492005194,0.997337492005194,HD,GN-SCCA,0.113294666
100,200,0.1,6,2,0.981785532832648,1.97912302483784,HD,GN-SCCA,0.113294666
100,200,0.1,6,3,0.987711207895096,2.96683423273294,HD,GN-SCCA,0.113294666
100,200,0.1,6,4,0.943105114197927,3.90993934693086,HD,GN-SCCA,0.113294666
100,200,0.1,6,5,0.833907121596464,4.74384646852733,HD,GN-SCCA,0.113294666
100,200,0.1,6,1,0.998321940176797,0.998321940176797,PD,SCCA,0.048403709
100,200,0.1,6,2,0.998896308619776,1.99721824879657,PD,SCCA,0.048403709
100,200,0.1,6,3,0.998699580101301,2.99591782889787,PD,SCCA,0.048403709
100,200,0.1,6,4,0.998927056612688,3.99484488551056,PD,SCCA,0.048403709
100,200,0.1,6,5,0.974675921798148,4.96952080730871,PD,SCCA,0.048403709
100,200,0.1,6,1,0.998380677242808,0.998380677242808,PD,GN-SCCA,0.112385708
100,200,0.1,6,2,0.990617741745452,1.98899841898826,PD,GN-SCCA,0.112385708
100,200,0.1,6,3,0.97708844285399,2.96608686184225,PD,GN-SCCA,0.112385708
100,200,0.1,6,4,0.983928193074208,3.95001505491646,PD,GN-SCCA,0.112385708
100,200,0.1,6,5,0.983485692700584,4.93350074761704,PD,GN-SCCA,0.112385708
100,200,0.1,6,1,0.998840595402186,0.998840595402186,OPD,SCCA,0.065834625
100,200,0.1,6,2,0.997696867383402,1.99653746278559,OPD,SCCA,0.065834625
100,200,0.1,6,3,0.99765718036241,2.994194643148,OPD,SCCA,0.065834625
100,200,0.1,6,4,0.997313873547712,3.99150851669571,OPD,SCCA,0.065834625
100,200,0.1,6,5,0.974803757572674,4.96631227426838,OPD,SCCA,0.065834625
100,200,0.1,6,1,0.996644669558516,0.996644669558516,OPD,GN-SCCA,0.122545708
100,200,0.1,6,2,0.997603447748045,1.99424811730656,OPD,GN-SCCA,0.122545708
100,200,0.1,6,3,0.995200719154201,2.98944883646076,OPD,GN-SCCA,0.122545708
100,200,0.1,6,4,0.961154353266566,3.95060318972733,OPD,GN-SCCA,0.122545708
100,200,0.1,6,5,0.969908433269011,4.92051162299634,OPD,GN-SCCA,0.122545708
100,200,0.1,7,1,0.996511879260445,0.996511879260445,HD,SCCA,0.053927
100,200,0.1,7,2,0.997924226383078,1.99443610564352,HD,SCCA,0.053927
100,200,0.1,7,3,0.998892215444443,2.99332832108797,HD,SCCA,0.053927
100,200,0.1,7,4,0.28609378159692,3.27942210268489,HD,SCCA,0.053927
100,200,0.1,7,5,0.996312227045376,4.27573432973026,HD,SCCA,0.053927
100,200,0.1,7,1,0.984421684591653,0.984421684591653,HD,GN-SCCA,0.163393916
100,200,0.1,7,2,0.992156681127785,1.97657836571944,HD,GN-SCCA,0.163393916
100,200,0.1,7,3,0.82691753529171,2.80349590101115,HD,GN-SCCA,0.163393916
100,200,0.1,7,4,0.964650321326721,3.76814622233787,HD,GN-SCCA,0.163393916
100,200,0.1,7,5,0.994365487219683,4.76251170955755,HD,GN-SCCA,0.163393916
100,200,0.1,7,1,0.999320114997216,0.999320114997216,PD,SCCA,0.039017125
100,200,0.1,7,2,0.993042841855488,1.9923629568527,PD,SCCA,0.039017125
100,200,0.1,7,3,0.998391283996234,2.99075424084894,PD,SCCA,0.039017125
100,200,0.1,7,4,0.998027164537607,3.98878140538655,PD,SCCA,0.039017125
100,200,0.1,7,5,0.999029210032764,4.98781061541931,PD,SCCA,0.039017125
100,200,0.1,7,1,0.998685036507487,0.998685036507487,PD,GN-SCCA,0.198427709
100,200,0.1,7,2,0.995955267769309,1.9946403042768,PD,GN-SCCA,0.198427709
100,200,0.1,7,3,0.982722427434989,2.97736273171179,PD,GN-SCCA,0.198427709
100,200,0.1,7,4,0.993852737646722,3.97121546935851,PD,GN-SCCA,0.198427709
100,200,0.1,7,5,0.988420605511604,4.95963607487011,PD,GN-SCCA,0.198427709
100,200,0.1,7,1,0.998258506409543,0.998258506409543,OPD,SCCA,0.056869416
100,200,0.1,7,2,0.998480357300798,1.99673886371034,OPD,SCCA,0.056869416
100,200,0.1,7,3,0.999054083663535,2.99579294737388,OPD,SCCA,0.056869416
100,200,0.1,7,4,0.966603620753524,3.9623965681274,OPD,SCCA,0.056869416
100,200,0.1,7,5,0.999506609500539,4.96190317762794,OPD,SCCA,0.056869416
100,200,0.1,7,1,0.984581314747032,0.984581314747032,OPD,GN-SCCA,0.128069917
100,200,0.1,7,2,0.987124839256481,1.97170615400351,OPD,GN-SCCA,0.128069917
100,200,0.1,7,3,0.988898156883511,2.96060431088702,OPD,GN-SCCA,0.128069917
100,200,0.1,7,4,0.997174584112232,3.95777889499926,OPD,GN-SCCA,0.128069917
100,200,0.1,7,5,0.988634655492756,4.94641355049201,OPD,GN-SCCA,0.128069917
100,200,0.1,8,1,0.999770025894127,0.999770025894127,HD,SCCA,0.022025042
100,200,0.1,8,2,0.998978236173067,1.99874826206719,HD,SCCA,0.022025042
100,200,0.1,8,3,0.998992685250731,2.99774094731793,HD,SCCA,0.022025042
100,200,0.1,8,4,0.940417367819377,3.9381583151373,HD,SCCA,0.022025042
100,200,0.1,8,5,0.16134097281423,4.09949928795153,HD,SCCA,0.022025042
100,200,0.1,8,1,0.960429763739587,0.960429763739587,HD,GN-SCCA,0.115303916
100,200,0.1,8,2,0.957202111184263,1.91763187492385,HD,GN-SCCA,0.115303916
100,200,0.1,8,3,0.189250279491269,2.10688215441512,HD,GN-SCCA,0.115303916
100,200,0.1,8,4,0.921657725018688,3.02853987943381,HD,GN-SCCA,0.115303916
100,200,0.1,8,5,0.439227664522444,3.46776754395625,HD,GN-SCCA,0.115303916
100,200,0.1,8,1,0.998552109273254,0.998552109273254,PD,SCCA,0.026215666
100,200,0.1,8,2,0.998882238982447,1.9974343482557,PD,SCCA,0.026215666
100,200,0.1,8,3,0.991451296831972,2.98888564508767,PD,SCCA,0.026215666
100,200,0.1,8,4,0.999160360632704,3.98804600572038,PD,SCCA,0.026215666
100,200,0.1,8,5,0.993922986771495,4.98196899249187,PD,SCCA,0.026215666
100,200,0.1,8,1,0.998735655401146,0.998735655401146,PD,GN-SCCA,0.153426166
100,200,0.1,8,2,0.995140604157172,1.99387625955832,PD,GN-SCCA,0.153426166
100,200,0.1,8,3,0.990861427230301,2.98473768678862,PD,GN-SCCA,0.153426166
100,200,0.1,8,4,0.986710969318685,3.9714486561073,PD,GN-SCCA,0.153426166
100,200,0.1,8,5,0.993962754761847,4.96541141086915,PD,GN-SCCA,0.153426166
100,200,0.1,8,1,0.999532807424714,0.999532807424714,OPD,SCCA,0.031709541
100,200,0.1,8,2,0.989359542969762,1.98889235039448,OPD,SCCA,0.031709541
100,200,0.1,8,3,0.999129122754649,2.98802147314913,OPD,SCCA,0.031709541
100,200,0.1,8,4,0.995226576584141,3.98324804973327,OPD,SCCA,0.031709541
100,200,0.1,8,5,0.99900126608353,4.9822493158168,OPD,SCCA,0.031709541
100,200,0.1,8,1,0.999043151407521,0.999043151407521,OPD,GN-SCCA,0.13979275
100,200,0.1,8,2,0.99296998815584,1.99201313956336,OPD,GN-SCCA,0.13979275
100,200,0.1,8,3,0.998599554809086,2.99061269437245,OPD,GN-SCCA,0.13979275
100,200,0.1,8,4,0.963317909576988,3.95393060394944,OPD,GN-SCCA,0.13979275
100,200,0.1,8,5,0.981445161798212,4.93537576574765,OPD,GN-SCCA,0.13979275
100,200,0.1,9,1,0.999094664860036,0.999094664860036,HD,SCCA,0.026077333
100,200,0.1,9,2,0.998481036362667,1.9975757012227,HD,SCCA,0.026077333
100,200,0.1,9,3,0.995660889125567,2.99323659034827,HD,SCCA,0.026077333
100,200,0.1,9,4,0.998792856725541,3.99202944707381,HD,SCCA,0.026077333
100,200,0.1,9,5,0.331405311565041,4.32343475863885,HD,SCCA,0.026077333
100,200,0.1,9,1,0.954736636745828,0.954736636745828,HD,GN-SCCA,0.175250334
100,200,0.1,9,2,0.964826585450556,1.91956322219638,HD,GN-SCCA,0.175250334
100,200,0.1,9,3,0.919982948256656,2.83954617045304,HD,GN-SCCA,0.175250334
100,200,0.1,9,4,0.986516516754181,3.82606268720722,HD,GN-SCCA,0.175250334
100,200,0.1,9,5,0.774396787982568,4.60045947518979,HD,GN-SCCA,0.175250334
100,200,0.1,9,1,0.99964988358857,0.99964988358857,PD,SCCA,0.031182834
100,200,0.1,9,2,0.999530260186066,1.99918014377464,PD,SCCA,0.031182834
100,200,0.1,9,3,0.998246480991877,2.99742662476651,PD,SCCA,0.031182834
100,200,0.1,9,4,0.993985638526694,3.99141226329321,PD,SCCA,0.031182834
100,200,0.1,9,5,0.999704860605397,4.9911171238986,PD,SCCA,0.031182834
100,200,0.1,9,1,0.987906952074575,0.987906952074575,PD,GN-SCCA,0.234106333
100,200,0.1,9,2,0.995065791908367,1.98297274398294,PD,GN-SCCA,0.234106333
100,200,0.1,9,3,0.972306371075927,2.95527911505887,PD,GN-SCCA,0.234106333
100,200,0.1,9,4,0.991992854275737,3.94727196933461,PD,GN-SCCA,0.234106333
100,200,0.1,9,5,0.987264468651268,4.93453643798587,PD,GN-SCCA,0.234106333
100,200,0.1,9,1,0.999596740794811,0.999596740794811,OPD,SCCA,0.035431917
100,200,0.1,9,2,0.999466627785624,1.99906336858044,OPD,SCCA,0.035431917
100,200,0.1,9,3,0.999181721314714,2.99824508989515,OPD,SCCA,0.035431917
100,200,0.1,9,4,0.958620478347727,3.95686556824288,OPD,SCCA,0.035431917
100,200,0.1,9,5,0.999562136522926,4.9564277047658,OPD,SCCA,0.035431917
100,200,0.1,9,1,0.993016940387856,0.993016940387856,OPD,GN-SCCA,0.181157708
100,200,0.1,9,2,0.997205154264981,1.99022209465284,OPD,GN-SCCA,0.181157708
100,200,0.1,9,3,0.979238179135207,2.96946027378804,OPD,GN-SCCA,0.181157708
100,200,0.1,9,4,0.984783031428873,3.95424330521692,OPD,GN-SCCA,0.181157708
100,200,0.1,9,5,0.995781243491838,4.95002454870875,OPD,GN-SCCA,0.181157708
100,200,0.1,10,1,0.998183563801739,0.998183563801739,HD,SCCA,0.071740625
100,200,0.1,10,2,0.998948603496068,1.99713216729781,HD,SCCA,0.071740625
100,200,0.1,10,3,0.997087988195567,2.99422015549337,HD,SCCA,0.071740625
100,200,0.1,10,4,0.99367019630998,3.98789035180335,HD,SCCA,0.071740625
100,200,0.1,10,5,0.996769560085197,4.98465991188855,HD,SCCA,0.071740625
100,200,0.1,10,1,0.977555008307772,0.977555008307772,HD,GN-SCCA,0.208957542
100,200,0.1,10,2,0.979139164557014,1.95669417286479,HD,GN-SCCA,0.208957542
100,200,0.1,10,3,0.942888846225453,2.89958301909024,HD,GN-SCCA,0.208957542
100,200,0.1,10,4,0.952958275581614,3.85254129467185,HD,GN-SCCA,0.208957542
100,200,0.1,10,5,0.969111137076996,4.82165243174885,HD,GN-SCCA,0.208957542
100,200,0.1,10,1,0.999233528890451,0.999233528890451,PD,SCCA,0.054456584
100,200,0.1,10,2,0.997145389936712,1.99637891882716,PD,SCCA,0.054456584
100,200,0.1,10,3,0.999084974986922,2.99546389381408,PD,SCCA,0.054456584
100,200,0.1,10,4,0.998834085294159,3.99429797910824,PD,SCCA,0.054456584
100,200,0.1,10,5,0.999014603103126,4.99331258221137,PD,SCCA,0.054456584
100,200,0.1,10,1,0.995191093603635,0.995191093603635,PD,GN-SCCA,0.106009291
100,200,0.1,10,2,0.997546895975056,1.99273798957869,PD,GN-SCCA,0.106009291
100,200,0.1,10,3,0.995444482838564,2.98818247241726,PD,GN-SCCA,0.106009291
100,200,0.1,10,4,0.980649516918547,3.9688319893358,PD,GN-SCCA,0.106009291
100,200,0.1,10,5,0.994323795647862,4.96315578498366,PD,GN-SCCA,0.106009291
100,200,0.1,10,1,0.997046533089625,0.997046533089625,OPD,SCCA,0.025826833
100,200,0.1,10,2,0.998674779461622,1.99572131255125,OPD,SCCA,0.025826833
100,200,0.1,10,3,0.999262751086644,2.99498406363789,OPD,SCCA,0.025826833
100,200,0.1,10,4,0.941582598364913,3.9365666620028,OPD,SCCA,0.025826833
100,200,0.1,10,5,0.999315827841431,4.93588248984423,OPD,SCCA,0.025826833
100,200,0.1,10,1,0.995191093603635,0.995191093603635,OPD,GN-SCCA,0.084963708
100,200,0.1,10,2,0.997546895975056,1.99273798957869,OPD,GN-SCCA,0.084963708
100,200,0.1,10,3,0.995444304711291,2.98818229428998,OPD,GN-SCCA,0.084963708
100,200,0.1,10,4,0.977421396506504,3.96560369079649,OPD,GN-SCCA,0.084963708
100,200,0.1,10,5,0.994175725017695,4.95977941581418,OPD,GN-SCCA,0.084963708
