n,p,noise_sigma,itr,dim,add_var,sum_var,deflation,method,elapsed_time
100,200,0.1,1,1,0.974553233709697,0.974553233709697,HD,SCCA,0.176403083
100,200,0.1,1,2,0.96727303550339,1.94182626921309,HD,SCCA,0.176403083
100,200,0.1,1,3,0.938674483833644,2.88050075304673,HD,SCCA,0.176403083
100,200,0.1,1,4,0.926744358619544,3.80724511166628,HD,SCCA,0.176403083
100,200,0.1,1,5,0.939750973254074,4.74699608492035,HD,SCCA,0.176403083
100,200,0.1,1,1,0.947118391069103,0.947118391069103,HD,GN-SCCA,0.19175
100,200,0.1,1,2,0.822425202380703,1.76954359344981,HD,GN-SCCA,0.19175
100,200,0.1,1,3,0.734354758151446,2.50389835160125,HD,GN-SCCA,0.19175
100,200,0.1,1,4,0.744725576707428,3.24862392830868,HD,GN-SCCA,0.19175
100,200,0.1,1,5,0.84614950758566,4.09477343589434,HD,GN-SCCA,0.19175
100,200,0.1,1,1,0.959224140050916,0.959224140050916,PD,SCCA,0.055887708
100,200,0.1,1,2,0.962173122397927,1.92139726244884,PD,SCCA,0.055887708
100,200,0.1,1,3,0.898604196977036,2.82000145942588,PD,SCCA,0.055887708
100,200,0.1,1,4,0.930249797255041,3.75025125668092,PD,SCCA,0.055887708
100,200,0.1,1,5,0.962842808924571,4.71309406560549,PD,SCCA,0.055887708
100,200,0.1,1,1,0.930519220749096,0.930519220749096,PD,GN-SCCA,0.168127875
100,200,0.1,1,2,0.911171567373087,1.84169078812218,PD,GN-SCCA,0.168127875
100,200,0.1,1,3,0.951850002363526,2.79354079048571,PD,GN-SCCA,0.168127875
100,200,0.1,1,4,0.888716497655957,3.68225728814167,PD,GN-SCCA,0.168127875
100,200,0.1,1,5,0.898489448710677,4.58074673685234,PD,GN-SCCA,0.168127875
100,200,0.1,1,1,0.96812664303984,0.96812664303984,OPD,SCCA,0.03370375
100,200,0.1,1,2,0.949686194940955,1.9178128379808,OPD,SCCA,0.03370375
100,200,0.1,1,3,0.894869519605455,2.81268235758625,OPD,SCCA,0.03370375
100,200,0.1,1,4,0.943688416160417,3.75637077374667,OPD,SCCA,0.03370375
100,200,0.1,1,5,0.835347402941926,4.59171817668859,OPD,SCCA,0.03370375
100,200,0.1,1,1,0.930519220749096,0.930519220749096,OPD,GN-SCCA,0.13215225
100,200,0.1,1,2,0.911171567373087,1.84169078812218,OPD,GN-SCCA,0.13215225
100,200,0.1,1,3,0.951809303990025,2.79350009211221,OPD,GN-SCCA,0.13215225
100,200,0.1,1,4,0.888703430395058,3.68220352250727,OPD,GN-SCCA,0.13215225
100,200,0.1,1,5,0.89887530563696,4.58107882814423,OPD,GN-SCCA,0.13215225
100,200,0.1,2,1,0.975429302699747,0.975429302699747,HD,SCCA,0.049977375
100,200,0.1,2,2,0.95294352742092,1.92837283012067,HD,SCCA,0.049977375
100,200,0.1,2,3,0.972725334247024,2.90109816436769,HD,SCCA,0.049977375
100,200,0.1,2,4,0.947212537660539,3.84831070202823,HD,SCCA,0.049977375
100,200,0.1,2,5,0.8378544395866,4.68616514161483,HD,SCCA,0.049977375
100,200,0.1,2,1,0.906159820636848,0.906159820636848,HD,GN-SCCA,0.135785292
100,200,0.1,2,2,0.949794889540171,1.85595471017702,HD,GN-SCCA,0.135785292
100,200,0.1,2,3,0.813136211043233,2.66909092122025,HD,GN-SCCA,0.135785292
100,200,0.1,2,4,0.749969777484847,3.4190606987051,HD,GN-SCCA,0.135785292
100,200,0.1,2,5,0.759105751991162,4.17816645069626,HD,GN-SCCA,0.135785292
100,200,0.1,2,1,0.960917068636101,0.960917068636101,PD,SCCA,0.036225458
100,200,0.1,2,2,0.967085602501237,1.92800267113734,PD,SCCA,0.036225458
100,200,0.1,2,3,0.969483410510392,2.89748608164773,PD,SCCA,0.036225458
100,200,0.1,2,4,0.939198760454555,3.83668484210228,PD,SCCA,0.036225458
100,200,0.1,2,5,0.90677005635155,4.74345489845384,PD,SCCA,0.036225458
100,200,0.1,2,1,0.905310579818882,0.905310579818882,PD,GN-SCCA,0.124916916
100,200,0.1,2,2,0.968018229951537,1.87332880977042,PD,GN-SCCA,0.124916916
100,200,0.1,2,3,0.874363326222028,2.74769213599245,PD,GN-SCCA,0.124916916
100,200,0.1,2,4,0.943566927892662,3.69125906388511,PD,GN-SCCA,0.124916916
100,200,0.1,2,5,0.941245134578922,4.63250419846403,PD,GN-SCCA,0.124916916
100,200,0.1,2,1,0.965360003379854,0.965360003379854,OPD,SCCA,0.06920375
100,200,0.1,2,2,0.951734841817031,1.91709484519689,OPD,SCCA,0.06920375
100,200,0.1,2,3,0.96744237915594,2.88453722435283,OPD,SCCA,0.06920375
100,200,0.1,2,4,0.939401693007397,3.82393891736022,OPD,SCCA,0.06920375
100,200,0.1,2,5,0.910340576484093,4.73427949384431,OPD,SCCA,0.06920375
100,200,0.1,2,1,0.929622074418627,0.929622074418627,OPD,GN-SCCA,0.12044675
100,200,0.1,2,2,0.929615965806739,1.85923804022537,OPD,GN-SCCA,0.12044675
100,200,0.1,2,3,0.94600456319464,2.80524260342001,OPD,GN-SCCA,0.12044675
100,200,0.1,2,4,0.953587540313741,3.75883014373375,OPD,GN-SCCA,0.12044675
100,200,0.1,2,5,0.955995556222293,4.71482569995604,OPD,GN-SCCA,0.12044675
100,200,0.1,3,1,0.979741799309806,0.979741799309806,HD,SCCA,0.124803125
100,200,0.1,3,2,0.976811275253372,1.95655307456318,HD,SCCA,0.124803125
100,200,0.1,3,3,0.977118941105202,2.93367201566838,HD,SCCA,0.124803125
100,200,0.1,3,4,0.982109289906637,3.91578130557502,HD,SCCA,0.124803125
100,200,0.1,3,5,0.932438788482892,4.84822009405791,HD,SCCA,0.124803125
100,200,0.1,3,1,0.96224005916848,0.96224005916848,HD,GN-SCCA,0.11893575
100,200,0.1,3,2,0.968855112875585,1.93109517204407,HD,GN-SCCA,0.11893575
100,200,0.1,3,3,0.17497117159296,2.10606634363702,HD,GN-SCCA,0.11893575
100,200,0.1,3,4,0.677838987703977,2.783905331341,HD,GN-SCCA,0.11893575
100,200,0.1,3,5,0.557106768656836,3.34101209999784,HD,GN-SCCA,0.11893575
100,200,0.1,3,1,0.962347452030988,0.962347452030988,PD,SCCA,0.0383975
100,200,0.1,3,2,0.976743492192932,1.93909094422392,PD,SCCA,0.0383975
100,200,0.1,3,3,0.966858929723998,2.90594987394792,PD,SCCA,0.0383975
100,200,0.1,3,4,0.968301098438833,3.87425097238675,PD,SCCA,0.0383975
100,200,0.1,3,5,0.935453010440152,4.8097039828269,PD,SCCA,0.0383975
100,200,0.1,3,1,0.944169932650817,0.944169932650817,PD,GN-SCCA,0.11630425
100,200,0.1,3,2,0.925065666612148,1.86923559926296,PD,GN-SCCA,0.11630425
100,200,0.1,3,3,0.956227848995959,2.82546344825892,PD,GN-SCCA,0.11630425
100,200,0.1,3,4,0.948677337584091,3.77414078584301,PD,GN-SCCA,0.11630425
100,200,0.1,3,5,0.951024732172839,4.72516551801585,PD,GN-SCCA,0.11630425
100,200,0.1,3,1,0.97648979328434,0.97648979328434,OPD,SCCA,0.038042917
100,200,0.1,3,2,0.98224362944982,1.95873342273416,OPD,SCCA,0.038042917
100,200,0.1,3,3,0.975101159288552,2.93383458202271,OPD,SCCA,0.038042917
100,200,0.1,3,4,0.978689618597537,3.91252420062025,OPD,SCCA,0.038042917
100,200,0.1,3,5,0.937104563805085,4.84962876442533,OPD,SCCA,0.038042917
100,200,0.1,3,1,0.944277326806452,0.944277326806452,OPD,GN-SCCA,0.140171584
100,200,0.1,3,2,0.941128771903904,1.88540609871036,OPD,GN-SCCA,0.140171584
100,200,0.1,3,3,0.948668954981123,2.83407505369148,OPD,GN-SCCA,0.140171584
100,200,0.1,3,4,0.950971920150405,3.78504697384188,OPD,GN-SCCA,0.140171584
100,200,0.1,3,5,0.954412884906354,4.73945985874824,OPD,GN-SCCA,0.140171584
100,200,0.1,4,1,0.970821331333731,0.970821331333731,HD,SCCA,0.075384125
100,200,0.1,4,2,0.982441905397038,1.95326323673077,HD,SCCA,0.075384125
100,200,0.1,4,3,0.98735504542216,2.94061828215293,HD,SCCA,0.075384125
100,200,0.1,4,4,0.906987650031145,3.84760593218407,HD,SCCA,0.075384125
100,200,0.1,4,5,0.887424553283653,4.73503048546773,HD,SCCA,0.075384125
100,200,0.1,4,1,0.923247610508019,0.923247610508019,HD,GN-SCCA,0.102359875
100,200,0.1,4,2,0.91732611466926,1.84057372517728,HD,GN-SCCA,0.102359875
100,200,0.1,4,3,0.980202068002518,2.8207757931798,HD,GN-SCCA,0.102359875
100,200,0.1,4,4,0.935680603048051,3.75645639622785,HD,GN-SCCA,0.102359875
100,200,0.1,4,5,0.565076689053801,4.32153308528165,HD,GN-SCCA,0.102359875
100,200,0.1,4,1,0.96893495590276,0.96893495590276,PD,SCCA,0.066045792
100,200,0.1,4,2,0.982715840630733,1.95165079653349,PD,SCCA,0.066045792
100,200,0.1,4,3,0.985419634971063,2.93707043150456,PD,SCCA,0.066045792
100,200,0.1,4,4,0.929192964535603,3.86626339604016,PD,SCCA,0.066045792
100,200,0.1,4,5,0.960344967426965,4.82660836346712,PD,SCCA,0.066045792
100,200,0.1,4,1,0.949504582247622,0.949504582247622,PD,GN-SCCA,0.120630042
100,200,0.1,4,2,0.972213930356483,1.9217185126041,PD,GN-SCCA,0.120630042
100,200,0.1,4,3,0.938674471652239,2.86039298425634,PD,GN-SCCA,0.120630042
100,200,0.1,4,4,0.96601497117225,3.82640795542859,PD,GN-SCCA,0.120630042
100,200,0.1,4,5,0.94222379883917,4.76863175426776,PD,GN-SCCA,0.120630042
100,200,0.1,4,1,0.971287529529998,0.971287529529998,OPD,SCCA,0.044574625
100,200,0.1,4,2,0.970600334060639,1.94188786359064,OPD,SCCA,0.044574625
100,200,0.1,4,3,0.98414355945122,2.92603142304186,OPD,SCCA,0.044574625
100,200,0.1,4,4,0.949274558055049,3.87530598109691,OPD,SCCA,0.044574625
100,200,0.1,4,5,0.927641207533916,4.80294718863082,OPD,SCCA,0.044574625
100,200,0.1,4,1,0.949504582247622,0.949504582247622,OPD,GN-SCCA,0.211079166
100,200,0.1,4,2,0.972213930356483,1.9217185126041,OPD,GN-SCCA,0.211079166
100,200,0.1,4,3,0.93722016707042,2.85893867967452,OPD,GN-SCCA,0.211079166
100,200,0.1,4,4,0.974156534370389,3.83309521404491,OPD,GN-SCCA,0.211079166
100,200,0.1,4,5,0.905920407978129,4.73901562202304,OPD,GN-SCCA,0.211079166
100,200,0.1,5,1,0.984243043298418,0.984243043298418,HD,SCCA,0.075423375
100,200,0.1,5,2,0.979046548818564,1.96328959211698,HD,SCCA,0.075423375
100,200,0.1,5,3,0.9770584087858,2.94034800090278,HD,SCCA,0.075423375
100,200,0.1,5,4,0.873498230144873,3.81384623104766,HD,SCCA,0.075423375
100,200,0.1,5,5,0.955535861187637,4.76938209223529,HD,SCCA,0.075423375
100,200,0.1,5,1,0.949919437477788,0.949919437477788,HD,GN-SCCA,0.129672375
100,200,0.1,5,2,0.792206369897921,1.74212580737571,HD,GN-SCCA,0.129672375
100,200,0.1,5,3,0.826509837057386,2.56863564443309,HD,GN-SCCA,0.129672375
100,200,0.1,5,4,0.940354387284219,3.50899003171731,HD,GN-SCCA,0.129672375
100,200,0.1,5,5,0.618548462559489,4.1275384942768,HD,GN-SCCA,0.129672375
100,200,0.1,5,1,0.989890377509505,0.989890377509505,PD,SCCA,0.059679083
100,200,0.1,5,2,0.971895159121301,1.96178553663081,PD,SCCA,0.059679083
100,200,0.1,5,3,0.990084134675039,2.95186967130585,PD,SCCA,0.059679083
100,200,0.1,5,4,0.90470426549252,3.85657393679837,PD,SCCA,0.059679083
100,200,0.1,5,5,0.956120545246702,4.81269448204507,PD,SCCA,0.059679083
100,200,0.1,5,1,0.918637816266811,0.918637816266811,PD,GN-SCCA,0.120334625
100,200,0.1,5,2,0.982710379390837,1.90134819565765,PD,GN-SCCA,0.120334625
100,200,0.1,5,3,0.940419369741076,2.84176756539872,PD,GN-SCCA,0.120334625
100,200,0.1,5,4,0.928260543672579,3.7700281090713,PD,GN-SCCA,0.120334625
100,200,0.1,5,5,0.973477177153772,4.74350528622507,PD,GN-SCCA,0.120334625
100,200,0.1,5,1,0.986600029621635,0.986600029621635,OPD,SCCA,0.090077584
100,200,0.1,5,2,0.974310937158181,1.96091096677982,OPD,SCCA,0.090077584
100,200,0.1,5,3,0.98053596874108,2.9414469355209,OPD,SCCA,0.090077584
100,200,0.1,5,4,0.906462758175522,3.84790969369642,OPD,SCCA,0.090077584
100,200,0.1,5,5,0.961612218851138,4.80952191254756,OPD,SCCA,0.090077584
100,200,0.1,5,1,0.918637816266811,0.918637816266811,OPD,GN-SCCA,0.106506625
100,200,0.1,5,2,0.982710379390837,1.90134819565765,OPD,GN-SCCA,0.106506625
100,200,0.1,5,3,0.94013556310618,2.84148375876383,OPD,GN-SCCA,0.106506625
100,200,0.1,5,4,0.926923394484989,3.76840715324882,OPD,GN-SCCA,0.106506625
100,200,0.1,5,5,0.976523580997796,4.74493073424661,OPD,GN-SCCA,0.106506625
100,200,0.1,6,1,0.895539121986809,0.895539121986809,HD,SCCA,0.18214975
100,200,0.1,6,2,0.95254777341587,1.84808689540268,HD,SCCA,0.18214975
100,200,0.1,6,3,0.948703067117161,2.79678996251984,HD,SCCA,0.18214975
100,200,0.1,6,4,0.966493277066729,3.76328323958657,HD,SCCA,0.18214975
100,200,0.1,6,5,0.795959300956989,4.55924254054356,HD,SCCA,0.18214975
100,200,0.1,6,1,0.926283397958438,0.926283397958438,HD,GN-SCCA,0.142066125
100,200,0.1,6,2,0.928317816173589,1.85460121413203,HD,GN-SCCA,0.142066125
100,200,0.1,6,3,0.859808134834565,2.71440934896659,HD,GN-SCCA,0.142066125
100,200,0.1,6,4,0.878537408423502,3.59294675739009,HD,GN-SCCA,0.142066125
100,200,0.1,6,5,0.801039469475729,4.39398622686582,HD,GN-SCCA,0.142066125
100,200,0.1,6,1,0.98052785012636,0.98052785012636,PD,SCCA,0.18831425
100,200,0.1,6,2,0.887806477864148,1.86833432799051,PD,SCCA,0.18831425
100,200,0.1,6,3,0.966584696588054,2.83491902457856,PD,SCCA,0.18831425
100,200,0.1,6,4,0.91305000725181,3.74796903183037,PD,SCCA,0.18831425
100,200,0.1,6,5,0.926464634408086,4.67443366623846,PD,SCCA,0.18831425
100,200,0.1,6,1,0.942882810530936,0.942882810530936,PD,GN-SCCA,0.399922792
100,200,0.1,6,2,0.922280811931043,1.86516362246198,PD,GN-SCCA,0.399922792
100,200,0.1,6,3,0.897236136830973,2.76239975929295,PD,GN-SCCA,0.399922792
100,200,0.1,6,4,0.960483742134559,3.72288350142751,PD,GN-SCCA,0.399922792
100,200,0.1,6,5,0.934026209272062,4.65690971069957,PD,GN-SCCA,0.399922792
100,200,0.1,6,1,0.887889760349124,0.887889760349124,OPD,SCCA,0.087173458
100,200,0.1,6,2,0.970906778782375,1.8587965391315,OPD,SCCA,0.087173458
100,200,0.1,6,3,0.963505238842136,2.82230177797363,OPD,SCCA,0.087173458
100,200,0.1,6,4,0.956348036315526,3.77864981428916,OPD,SCCA,0.087173458
100,200,0.1,6,5,0.934786525751021,4.71343634004018,OPD,SCCA,0.087173458
100,200,0.1,6,1,0.942882810530936,0.942882810530936,OPD,GN-SCCA,0.105826416
100,200,0.1,6,2,0.922280811931043,1.86516362246198,OPD,GN-SCCA,0.105826416
100,200,0.1,6,3,0.908790270332412,2.77395389279439,OPD,GN-SCCA,0.105826416
100,200,0.1,6,4,0.957969269183596,3.73192316197799,OPD,GN-SCCA,0.105826416
100,200,0.1,6,5,0.920278644434167,4.65220180641215,OPD,GN-SCCA,0.105826416
100,200,0.1,7,1,0.932146948968088,0.932146948968088,HD,SCCA,0.07840125
100,200,0.1,7,2,0.98629609725898,1.91844304622707,HD,SCCA,0.07840125
100,200,0.1,7,3,0.949631490689812,2.86807453691688,HD,SCCA,0.07840125
100,200,0.1,7,4,0.966871294013859,3.83494583093074,HD,SCCA,0.07840125
100,200,0.1,7,5,0.879211791933873,4.71415762286461,HD,SCCA,0.07840125
100,200,0.1,7,1,0.960158273501911,0.960158273501911,HD,GN-SCCA,0.1376475
100,200,0.1,7,2,0.900870557969799,1.86102883147171,HD,GN-SCCA,0.1376475
100,200,0.1,7,3,0.810384620939038,2.67141345241075,HD,GN-SCCA,0.1376475
100,200,0.1,7,4,0.893715908303917,3.56512936071467,HD,GN-SCCA,0.1376475
100,200,0.1,7,5,0.370545577943947,3.93567493865861,HD,GN-SCCA,0.1376475
100,200,0.1,7,1,0.936581415570219,0.936581415570219,PD,SCCA,0.083018959
100,200,0.1,7,2,0.964883633240146,1.90146504881037,PD,SCCA,0.083018959
100,200,0.1,7,3,0.982958006261401,2.88442305507177,PD,SCCA,0.083018959
100,200,0.1,7,4,0.944260770227842,3.82868382529961,PD,SCCA,0.083018959
100,200,0.1,7,5,0.95246654419015,4.78115036948976,PD,SCCA,0.083018959
100,200,0.1,7,1,0.902745110660496,0.902745110660496,PD,GN-SCCA,0.179014208
100,200,0.1,7,2,0.953745282780011,1.85649039344051,PD,GN-SCCA,0.179014208
100,200,0.1,7,3,0.941576705889603,2.79806709933011,PD,GN-SCCA,0.179014208
100,200,0.1,7,4,0.93537519353101,3.73344229286112,PD,GN-SCCA,0.179014208
100,200,0.1,7,5,0.966328397180049,4.69977069004117,PD,GN-SCCA,0.179014208
100,200,0.1,7,1,0.934033563916784,0.934033563916784,OPD,SCCA,0.119394167
100,200,0.1,7,2,0.986944204724368,1.92097776864115,OPD,SCCA,0.119394167
100,200,0.1,7,3,0.905490216236374,2.82646798487753,OPD,SCCA,0.119394167
100,200,0.1,7,4,0.887087020709071,3.7135550055866,OPD,SCCA,0.119394167
100,200,0.1,7,5,0.962605588381351,4.67616059396795,OPD,SCCA,0.119394167
100,200,0.1,7,1,0.902745110660496,0.902745110660496,OPD,GN-SCCA,0.140879125
100,200,0.1,7,2,0.953745282780011,1.85649039344051,OPD,GN-SCCA,0.140879125
100,200,0.1,7,3,0.942889958034737,2.79938035147524,OPD,GN-SCCA,0.140879125
100,200,0.1,7,4,0.933509734724072,3.73289008619932,OPD,GN-SCCA,0.140879125
100,200,0.1,7,5,0.968406198051816,4.70129628425113,OPD,GN-SCCA,0.140879125
100,200,0.1,8,1,0.97853023265198,0.97853023265198,HD,SCCA,0.0527225
100,200,0.1,8,2,0.961138395351625,1.93966862800361,HD,SCCA,0.0527225
100,200,0.1,8,3,0.965249212102337,2.90491784010594,HD,SCCA,0.0527225
100,200,0.1,8,4,0.971567171612233,3.87648501171818,HD,SCCA,0.0527225
100,200,0.1,8,5,0.924379115525461,4.80086412724364,HD,SCCA,0.0527225
100,200,0.1,8,1,0.972471694250587,0.972471694250587,HD,GN-SCCA,0.183093125
100,200,0.1,8,2,-0.116536224553392,0.855935469697195,HD,GN-SCCA,0.183093125
100,200,0.1,8,3,0.958139289200182,1.81407475889738,HD,GN-SCCA,0.183093125
100,200,0.1,8,4,0.946956216902683,2.76103097580006,HD,GN-SCCA,0.183093125
100,200,0.1,8,5,0.797341082777819,3.55837205857788,HD,GN-SCCA,0.183093125
100,200,0.1,8,1,0.98084577048655,0.98084577048655,PD,SCCA,0.070239791
100,200,0.1,8,2,0.947492258305787,1.92833802879234,PD,SCCA,0.070239791
100,200,0.1,8,3,0.963989655075236,2.89232768386757,PD,SCCA,0.070239791
100,200,0.1,8,4,0.964542909751361,3.85687059361893,PD,SCCA,0.070239791
100,200,0.1,8,5,0.935756828650607,4.79262742226954,PD,SCCA,0.070239791
100,200,0.1,8,1,0.973533219451953,0.973533219451953,PD,GN-SCCA,0.367655208
100,200,0.1,8,2,0.920918156729505,1.89445137618146,PD,GN-SCCA,0.367655208
100,200,0.1,8,3,0.963633218392753,2.85808459457421,PD,GN-SCCA,0.367655208
100,200,0.1,8,4,0.868684732009662,3.72676932658387,PD,GN-SCCA,0.367655208
100,200,0.1,8,5,0.768412476317838,4.49518180290171,PD,GN-SCCA,0.367655208
100,200,0.1,8,1,0.980559582497739,0.980559582497739,OPD,SCCA,0.113803416
100,200,0.1,8,2,0.950762240445432,1.93132182294317,OPD,SCCA,0.113803416
100,200,0.1,8,3,0.965506187595528,2.8968280105387,OPD,SCCA,0.113803416
100,200,0.1,8,4,0.964309760896319,3.86113777143502,OPD,SCCA,0.113803416
100,200,0.1,8,5,0.93703856426036,4.79817633569538,OPD,SCCA,0.113803416
100,200,0.1,8,1,0.966862360908851,0.966862360908851,OPD,GN-SCCA,0.124456917
100,200,0.1,8,2,0.930064657661132,1.89692701856998,OPD,GN-SCCA,0.124456917
100,200,0.1,8,3,0.927335743262433,2.82426276183242,OPD,GN-SCCA,0.124456917
100,200,0.1,8,4,0.936724807727898,3.76098756956031,OPD,GN-SCCA,0.124456917
100,200,0.1,8,5,0.925166665558314,4.68615423511863,OPD,GN-SCCA,0.124456917
100,200,0.1,9,1,0.934918588296973,0.934918588296973,HD,SCCA,0.1327725
100,200,0.1,9,2,0.972219366609136,1.90713795490611,HD,SCCA,0.1327725
100,200,0.1,9,3,0.986978659379286,2.8941166142854,HD,SCCA,0.1327725
100,200,0.1,9,4,0.873771383629065,3.76788799791446,HD,SCCA,0.1327725
100,200,0.1,9,5,0.958695048363482,4.72658304627794,HD,SCCA,0.1327725
100,200,0.1,9,1,0.930467531072207,0.930467531072207,HD,GN-SCCA,0.134346333
100,200,0.1,9,2,0.959346194650531,1.88981372572274,HD,GN-SCCA,0.134346333
100,200,0.1,9,3,0.970698850972176,2.86051257669491,HD,GN-SCCA,0.134346333
100,200,0.1,9,4,0.63734775937327,3.49786033606818,HD,GN-SCCA,0.134346333
100,200,0.1,9,5,0.80360763216031,4.30146796822849,HD,GN-SCCA,0.134346333
100,200,0.1,9,1,0.938650400451127,0.938650400451127,PD,SCCA,0.129072708
100,200,0.1,9,2,0.980315615704292,1.91896601615542,PD,SCCA,0.129072708
100,200,0.1,9,3,0.965651360382853,2.88461737653827,PD,SCCA,0.129072708
100,200,0.1,9,4,0.969259014681973,3.85387639122025,PD,SCCA,0.129072708
100,200,0.1,9,5,0.904709394431779,4.75858578565203,PD,SCCA,0.129072708
100,200,0.1,9,1,0.928236387754924,0.928236387754924,PD,GN-SCCA,0.10484425
100,200,0.1,9,2,0.901174073218443,1.82941046097337,PD,GN-SCCA,0.10484425
100,200,0.1,9,3,0.958397051579176,2.78780751255254,PD,GN-SCCA,0.10484425
100,200,0.1,9,4,0.930895975048194,3.71870348760074,PD,GN-SCCA,0.10484425
100,200,0.1,9,5,0.821011370556018,4.53971485815675,PD,GN-SCCA,0.10484425
100,200,0.1,9,1,0.974528157737477,0.974528157737477,OPD,SCCA,0.039179
100,200,0.1,9,2,0.972057027782949,1.94658518552043,OPD,SCCA,0.039179
100,200,0.1,9,3,0.956225751214792,2.90281093673522,OPD,SCCA,0.039179
100,200,0.1,9,4,0.936828582337196,3.83963951907241,OPD,SCCA,0.039179
100,200,0.1,9,5,0.959645632928918,4.79928515200133,OPD,SCCA,0.039179
100,200,0.1,9,1,0.930390604567855,0.930390604567855,OPD,GN-SCCA,0.148372375
100,200,0.1,9,2,0.969324514332745,1.8997151189006,OPD,GN-SCCA,0.148372375
100,200,0.1,9,3,0.841876146874989,2.74159126577559,OPD,GN-SCCA,0.148372375
100,200,0.1,9,4,0.962795977985646,3.70438724376124,OPD,GN-SCCA,0.148372375
100,200,0.1,9,5,0.820767907408272,4.52515515116951,OPD,GN-SCCA,0.148372375
100,200,0.1,10,1,0.97578808870936,0.97578808870936,HD,SCCA,0.03791425
100,200,0.1,10,2,0.977782347009097,1.95357043571846,HD,SCCA,0.03791425
100,200,0.1,10,3,0.981539986311105,2.93511042202956,HD,SCCA,0.03791425
100,200,0.1,10,4,0.978741961289113,3.91385238331867,HD,SCCA,0.03791425
100,200,0.1,10,5,0.96708601885653,4.88093840217521,HD,SCCA,0.03791425
100,200,0.1,10,1,0.976997880494923,0.976997880494923,HD,GN-SCCA,0.162189708
100,200,0.1,10,2,0.967630498511852,1.94462837900677,HD,GN-SCCA,0.162189708
100,200,0.1,10,3,0.881830377052087,2.82645875605886,HD,GN-SCCA,0.162189708
100,200,0.1,10,4,0.618953229816315,3.44541198587518,HD,GN-SCCA,0.162189708
100,200,0.1,10,5,0.661476393176709,4.10688837905188,HD,GN-SCCA,0.162189708
100,200,0.1,10,1,0.987433649038917,0.987433649038917,PD,SCCA,0.082160833
100,200,0.1,10,2,0.963284461317727,1.95071811035664,PD,SCCA,0.082160833
100,200,0.1,10,3,0.982054987993204,2.93277309834985,PD,SCCA,0.082160833
100,200,0.1,10,4,0.965718777900978,3.89849187625083,PD,SCCA,0.082160833
100,200,0.1,10,5,0.894248839358861,4.79274071560969,PD,SCCA,0.082160833
100,200,0.1,10,1,0.977269168653599,0.977269168653599,PD,GN-SCCA,0.099967542
100,200,0.1,10,2,0.953445740629732,1.93071490928333,PD,GN-SCCA,0.099967542
100,200,0.1,10,3,0.969935374582002,2.90065028386533,PD,GN-SCCA,0.099967542
100,200,0.1,10,4,0.97082230521712,3.87147258908245,PD,GN-SCCA,0.099967542
100,200,0.1,10,5,0.942615022016594,4.81408761109905,PD,GN-SCCA,0.099967542
100,200,0.1,10,1,0.985192797837804,0.985192797837804,OPD,SCCA,0.0424515
100,200,0.1,10,2,0.952778252822875,1.93797105066068,OPD,SCCA,0.0424515
100,200,0.1,10,3,0.982870297628453,2.92084134828913,OPD,SCCA,0.0424515
100,200,0.1,10,4,0.960799764496094,3.88164111278523,OPD,SCCA,0.0424515
100,200,0.1,10,5,0.910298426324984,4.79193953911021,OPD,SCCA,0.0424515
100,200,0.1,10,1,0.977269168653599,0.977269168653599,OPD,GN-SCCA,0.100545625
100,200,0.1,10,2,0.953445740629732,1.93071490928333,OPD,GN-SCCA,0.100545625
100,200,0.1,10,3,0.969474718004495,2.90018962728783,OPD,GN-SCCA,0.100545625
100,200,0.1,10,4,0.969309642069048,3.86949926935687,OPD,GN-SCCA,0.100545625
100,200,0.1,10,5,0.94310687384718,4.81260614320406,OPD,GN-SCCA,0.100545625
