correlations 
0.95107 
0.94631 
0.94167 
0.94115 
0.92911 
0.92524 
0.92682 
0.91509 
0.92889 
0.92196 
0.90937 
0.92157 
0.90016 
0.89762 
0.91223 
0.90918 
0.91443 
0.90712 
0.89689 
0.91177 
0.89466 
0.87411 
0.88559 
0.87928 
0.87542 
0.89863 
0.89735 
0.86789 
0.88488 
0.88084 
0.87874 
0.89668 
0.87813 
0.85653 
0.86883 
0.83336 
0.85989 
0.87132 
0.86611 
0.88207 
0.86331 
0.85445 
0.85680 
0.83410 
0.82062 
0.82744 
0.83721 
0.77064 
0.82141 
0.83415 
0.63963 
0.48162 
0.37397 
0.15614 
0.24034 
0.18086 
0.31271 
0.16700 
0.09697 
0.28076 
0.28938 
0.07148 
0.31298 
0.27820 
0.16666 
0.27213 
0.14335 
-0.06465 
0.23227 
0.09297 
0.33447 
0.36623 
0.07546 
0.24249 
0.21116 
0.17928 
-0.00256 
0.27896 
0.23049 
0.21230 
0.13029 
0.11300 
0.00523 
0.14975 
0.00126 
0.22010 
0.17787 
0.05587 
0.19677 
0.09429 
0.18564 
0.07396 
0.02567 
0.32312 
0.31782 
0.28488 
0.23053 
0.34171 
0.09577 
0.17241 
0.66542 
0.51722 
0.24185 
0.04221 
0.33633 
0.28087 
0.35023 
0.28628 
0.15594 
0.04018 
0.34820 
0.05359 
0.21463 
0.18178 
0.05533 
0.09168 
0.17714 
-0.05201 
0.17830 
0.01112 
0.26169 
0.34486 
0.21472 
0.19856 
0.23722 
0.01328 
0.04411 
0.27415 
0.11304 
0.07988 
0.19113 
0.07570 
0.11178 
0.15873 
0.09376 
0.27614 
0.21882 
0.06100 
0.03077 
0.07914 
0.01928 
0.04931 
0.07860 
0.25331 
0.21700 
0.20965 
0.23831 
0.39183 
0.14705 
0.06589 
