correlations 
0.95106 
0.94757 
0.93706 
0.92752 
0.93421 
0.92424 
0.92604 
0.90144 
0.92226 
0.92869 
0.92413 
0.90946 
0.92278 
0.91488 
0.91042 
0.92028 
0.91682 
0.90247 
0.90319 
0.89183 
0.89066 
0.89275 
0.85779 
0.89428 
0.88309 
0.89417 
0.87882 
0.86191 
0.89011 
0.87895 
0.87592 
0.84235 
0.87088 
0.86910 
0.88008 
0.87452 
0.85818 
0.86345 
0.87027 
0.83941 
0.82266 
0.83732 
0.86558 
0.84505 
0.80336 
0.83899 
0.83958 
0.80859 
0.82045 
0.82712 
0.49991 
0.52691 
0.27002 
0.43181 
0.31507 
0.31951 
0.29527 
0.25237 
0.03310 
0.10198 
0.08227 
0.29473 
0.00906 
0.10865 
0.16249 
0.00485 
-0.17510 
0.19314 
0.22505 
0.10963 
0.22172 
0.23278 
0.37009 
0.13005 
0.09855 
0.10479 
0.17488 
0.02755 
0.26760 
0.17170 
0.11438 
0.48875 
0.11643 
0.15483 
-0.04274 
0.11295 
0.09358 
0.11676 
-0.07012 
0.20363 
0.26138 
0.12193 
0.18377 
0.18110 
0.30782 
0.04925 
0.13736 
0.22681 
0.35739 
0.09125 
0.58574 
0.59426 
0.21738 
0.43901 
0.26118 
0.35573 
0.22059 
0.29461 
0.15095 
0.12730 
0.22743 
0.31949 
0.19067 
0.16042 
0.15241 
0.11133 
0.09309 
0.21424 
0.10636 
0.25997 
0.11063 
0.14477 
0.22150 
0.08591 
0.14195 
0.12581 
0.24580 
0.30012 
0.13489 
0.13622 
0.09158 
0.14734 
0.14155 
0.13070 
0.09510 
0.20069 
0.04790 
0.00593 
0.16680 
0.20693 
0.20658 
0.16588 
0.07277 
0.09374 
0.29084 
0.09487 
-0.05427 
0.21586 
0.14738 
0.24358 
