correlations 
0.95106 
0.94757 
0.93739 
0.92856 
0.93338 
0.92308 
0.92616 
0.90613 
0.92112 
0.92448 
0.91682 
0.92196 
0.90968 
0.90798 
0.90460 
0.90076 
0.89843 
0.90390 
0.90921 
0.88555 
0.86059 
0.87802 
0.84653 
0.87910 
0.87602 
0.87815 
0.86151 
0.84234 
0.86335 
0.84824 
0.82896 
0.83298 
0.78248 
0.81373 
0.83439 
0.71508 
0.80791 
0.62009 
0.56966 
0.71323 
0.71537 
0.69797 
0.80801 
0.72075 
0.66987 
0.62885 
0.59859 
0.78053 
0.72366 
0.67118 
0.49967 
0.52715 
0.28056 
0.39844 
0.31197 
0.31834 
0.27661 
0.23017 
0.13604 
0.02547 
0.08404 
0.05646 
0.26783 
0.10906 
-0.01152 
0.16116 
-0.24128 
0.21016 
0.19207 
0.21675 
0.26548 
0.11894 
0.48044 
0.11993 
0.21935 
-0.05772 
0.15469 
0.03688 
0.28366 
0.20997 
0.00764 
0.09832 
0.08094 
0.24214 
0.21921 
0.20705 
0.24783 
0.03449 
0.01418 
0.01366 
0.04225 
-0.06644 
0.03703 
0.15142 
0.16356 
-0.00026 
0.14362 
0.26727 
0.14647 
0.10207 
0.58562 
0.59438 
0.22887 
0.40218 
0.27104 
0.36163 
0.21042 
0.24330 
0.16634 
0.12150 
0.26458 
0.17151 
0.29286 
0.19163 
0.26774 
0.14231 
0.01127 
0.14129 
0.08507 
0.09996 
0.28467 
0.09173 
0.30497 
0.08017 
0.10986 
0.12471 
0.15763 
0.14143 
0.27633 
0.19271 
0.22900 
-0.04240 
0.14182 
0.27092 
0.26892 
-0.12673 
0.10391 
-0.00279 
0.02365 
0.11521 
-0.08715 
0.05594 
0.23142 
0.01805 
0.16740 
0.14323 
0.14180 
0.22669 
0.00401 
0.03546 
