correlations 
0.95953 
0.94714 
0.91402 
0.93349 
0.93489 
0.92708 
0.91980 
0.92291 
0.93523 
0.92753 
0.92717 
0.91679 
0.92452 
0.88667 
0.89817 
0.89327 
0.90313 
0.89971 
0.89404 
0.89728 
0.87548 
0.90795 
0.89320 
0.90039 
0.88735 
0.89328 
0.87697 
0.90697 
0.91075 
0.88068 
0.87659 
0.83743 
0.85095 
0.88567 
0.84729 
0.84600 
0.87907 
0.82607 
0.86169 
0.84015 
0.87805 
0.83935 
0.82678 
0.84953 
0.83012 
0.84004 
0.83160 
0.83756 
0.85597 
0.86725 
0.63502 
0.57488 
0.40657 
0.38470 
0.28147 
0.24025 
0.33258 
0.11540 
-0.04394 
0.12135 
0.22933 
0.17110 
0.16495 
0.18959 
0.06460 
0.22782 
0.20995 
0.25065 
0.25528 
0.09296 
0.29753 
-0.02615 
0.17260 
-0.01362 
0.28349 
0.09481 
0.28021 
0.13471 
-0.00443 
0.12093 
0.27379 
0.29033 
0.20744 
0.16299 
0.16831 
0.14872 
0.09845 
0.15965 
0.18182 
0.09037 
0.07118 
0.29968 
0.25840 
0.10072 
0.19140 
0.14996 
0.16996 
0.28437 
0.01566 
-0.04513 
0.60444 
0.51369 
0.52700 
0.20357 
0.22047 
0.43235 
0.30347 
0.27533 
0.12108 
0.12823 
0.15900 
0.16963 
0.15958 
0.19582 
0.24457 
0.21913 
0.20070 
0.18320 
0.21323 
0.04748 
0.30923 
0.13164 
0.12836 
0.16797 
0.18778 
-0.06198 
0.16982 
0.03426 
0.09924 
0.00344 
0.29366 
0.30167 
0.28214 
0.05995 
0.27334 
0.20558 
0.10850 
0.19244 
-0.07287 
0.22187 
0.09624 
0.16979 
0.17987 
0.21118 
0.05314 
0.13069 
0.27508 
0.07956 
-0.03592 
0.05098 
