correlations 
0.95427 
0.94777 
0.92417 
0.93107 
0.91721 
0.92824 
0.91374 
0.92476 
0.92522 
0.90234 
0.92073 
0.91269 
0.92143 
0.88160 
0.91315 
0.89554 
0.91655 
0.87373 
0.90652 
0.90793 
0.88797 
0.87481 
0.89361 
0.88643 
0.86967 
0.88788 
0.88420 
0.89024 
0.86294 
0.87696 
0.87558 
0.84980 
0.86327 
0.85757 
0.85249 
0.87972 
0.85127 
0.84237 
0.82368 
0.84156 
0.85341 
0.84495 
0.87751 
0.85946 
0.83418 
0.83280 
0.82823 
0.81490 
0.83787 
0.82675 
0.68173 
0.55282 
0.58192 
0.37205 
0.40384 
0.17119 
0.27496 
0.11066 
0.12051 
0.25922 
0.16348 
0.10547 
0.17652 
0.30944 
0.26797 
0.26785 
0.03211 
0.18071 
0.13916 
0.07897 
0.16614 
0.16031 
0.16645 
0.15508 
0.18007 
0.07803 
0.12694 
0.01842 
0.20548 
0.11491 
0.16217 
0.37879 
0.34624 
0.30399 
0.19216 
0.03995 
0.25851 
0.25976 
0.23189 
0.24163 
0.08517 
0.11226 
-0.01194 
0.05368 
0.08829 
0.31518 
0.26145 
0.14009 
0.21862 
0.17130 
0.63475 
0.37509 
0.43592 
0.23806 
0.33887 
0.23166 
0.35133 
0.19893 
0.25158 
0.26141 
0.04483 
0.05215 
0.10667 
0.35300 
0.07367 
0.25771 
0.05551 
0.29221 
0.11623 
0.23280 
0.19922 
0.14391 
0.11625 
0.23915 
0.15982 
0.09119 
0.12060 
0.05016 
0.25018 
0.10843 
0.16630 
0.27130 
0.26633 
0.07416 
0.29904 
0.06723 
0.18557 
0.27199 
0.20869 
0.23768 
0.07978 
0.20520 
-0.00250 
0.07471 
0.08569 
0.13802 
0.16769 
0.24705 
0.02822 
0.09914 
