correlations 
0.95953 
0.94714 
0.91403 
0.93313 
0.93371 
0.93659 
0.91719 
0.93252 
0.92995 
0.92336 
0.92286 
0.91124 
0.90702 
0.87091 
0.90498 
0.89030 
0.89613 
0.88552 
0.89839 
0.87872 
0.85989 
0.89559 
0.88972 
0.83931 
0.88300 
0.88879 
0.87796 
0.88170 
0.85246 
0.87881 
0.86493 
0.83107 
0.83016 
0.84697 
0.80627 
0.85124 
0.85949 
0.81286 
0.83863 
0.83903 
0.82151 
0.79893 
0.79470 
0.80920 
0.80701 
0.81920 
0.79160 
0.80717 
0.76831 
0.81541 
0.63502 
0.57458 
0.40143 
0.37869 
0.27090 
0.14518 
0.35166 
-0.13469 
0.15447 
0.10586 
0.23188 
0.16213 
0.26487 
0.19922 
0.09598 
0.21702 
0.20064 
0.34258 
0.10272 
0.22583 
0.29658 
0.09944 
-0.01822 
0.24306 
0.08883 
0.16910 
0.23299 
0.15014 
0.21149 
0.02816 
0.15505 
0.14801 
0.08792 
0.13157 
0.17770 
0.25742 
0.09104 
0.14656 
0.03987 
0.05237 
0.08956 
0.15087 
0.04585 
0.30094 
0.33743 
0.02862 
0.19245 
0.07711 
0.27486 
0.03906 
0.60444 
0.51344 
0.51892 
0.19354 
0.22229 
0.28022 
0.43080 
0.14105 
0.12418 
0.12390 
0.21192 
0.12530 
0.25211 
0.26859 
0.18195 
0.22743 
0.13690 
0.26283 
0.03524 
0.17435 
0.23765 
0.05818 
0.20967 
0.34404 
0.26893 
0.07795 
0.14244 
0.05973 
0.10843 
-0.02025 
0.11580 
0.17180 
0.25484 
0.10652 
0.22617 
0.17350 
0.11633 
0.16502 
0.23993 
0.02583 
0.01933 
0.14028 
0.20986 
0.18158 
0.18856 
0.10430 
0.03802 
0.04035 
0.20060 
0.21266 
