correlations 
0.95427 
0.94777 
0.92196 
0.93494 
0.91821 
0.92642 
0.91736 
0.91593 
0.92719 
0.89624 
0.92367 
0.91356 
0.91824 
0.89708 
0.88620 
0.88527 
0.86721 
0.91198 
0.88346 
0.86582 
0.87478 
0.87409 
0.85965 
0.86121 
0.86617 
0.84225 
0.84490 
0.82990 
0.84570 
0.83359 
0.87382 
0.85049 
0.82253 
0.77497 
0.83611 
0.82339 
0.73625 
0.82657 
0.82931 
0.81561 
0.81604 
0.70283 
0.76755 
0.80804 
0.77393 
0.76135 
0.79178 
0.76398 
0.70428 
0.72757 
0.68169 
0.55281 
0.59553 
0.35226 
0.37485 
0.07504 
0.36744 
0.15036 
0.04569 
0.34223 
0.07122 
0.06857 
0.21644 
0.28174 
0.22048 
0.12768 
0.30764 
0.02226 
0.11226 
0.20708 
0.22875 
-0.03368 
0.26076 
0.21321 
0.17319 
0.23882 
0.06559 
0.16584 
0.00552 
0.10818 
0.05277 
0.24607 
0.27687 
0.33017 
0.07784 
0.19471 
0.11331 
0.13332 
0.21824 
0.14246 
0.18555 
0.18692 
0.13687 
0.02434 
0.30452 
0.23842 
0.30488 
0.20450 
0.10008 
0.19026 
0.63459 
0.37564 
0.45564 
0.18637 
0.32978 
0.18715 
0.41493 
0.19883 
0.21709 
0.23568 
0.06303 
0.05855 
0.12021 
0.20779 
0.18370 
0.28098 
0.24476 
0.01247 
0.12832 
0.14942 
0.30207 
0.11457 
0.21475 
0.13970 
0.29653 
0.18682 
0.14962 
0.21976 
0.12799 
0.24667 
0.09345 
0.17506 
0.27497 
0.39040 
0.06181 
0.27098 
0.14688 
0.11599 
0.06530 
0.03733 
0.18949 
0.08387 
0.27689 
0.16518 
0.17168 
0.10504 
0.28533 
0.09992 
0.06068 
0.13561 
