correlations 
0.95299 
0.94836 
0.93702 
0.89414 
0.93334 
0.93868 
0.92679 
0.92436 
0.93259 
0.92000 
0.91241 
0.92248 
0.90566 
0.87705 
0.89426 
0.91774 
0.88627 
0.88384 
0.90359 
0.85773 
0.86722 
0.88926 
0.89854 
0.85148 
0.85661 
0.87280 
0.85146 
0.84479 
0.85179 
0.84082 
0.84529 
0.84587 
0.85918 
0.80857 
0.84537 
0.85619 
0.86305 
0.83621 
0.82125 
0.82172 
0.81184 
0.85418 
0.78974 
0.81748 
0.81675 
0.78652 
0.77502 
0.83091 
0.74573 
0.82124 
0.66806 
0.47926 
0.26587 
0.67498 
0.25242 
0.05045 
0.31865 
0.28766 
0.18489 
0.18464 
0.24928 
0.31975 
0.35182 
0.34045 
0.30429 
0.08999 
0.08356 
0.08758 
0.17747 
0.19208 
0.34667 
0.26422 
0.15941 
0.16481 
0.17906 
0.17215 
0.41975 
0.25442 
0.14572 
0.15187 
0.07572 
0.25357 
0.25198 
0.12307 
0.12809 
0.12149 
0.07790 
-0.02065 
0.23857 
0.02824 
0.21698 
0.19219 
0.26396 
0.16427 
0.08389 
0.30044 
0.10750 
0.17248 
0.30735 
0.21102 
0.62682 
0.56231 
0.28934 
0.49974 
0.14088 
0.10162 
0.29797 
0.12675 
0.05096 
0.03265 
0.12275 
0.15264 
0.22054 
0.24101 
0.16203 
0.09916 
0.23441 
0.07390 
0.19856 
0.36142 
0.18536 
0.25197 
0.13210 
0.23594 
0.06865 
0.19604 
0.23945 
0.14049 
0.24404 
0.16350 
0.18085 
0.21202 
0.18066 
0.25570 
0.18654 
0.17520 
0.04328 
0.02411 
0.16470 
0.25727 
0.21474 
0.14754 
0.24992 
0.19994 
0.16864 
0.27166 
0.17134 
0.09726 
0.22788 
0.11769 
