correlations 
0.95107 
0.94631 
0.94168 
0.94186 
0.93376 
0.92451 
0.92545 
0.91236 
0.93242 
0.92165 
0.91676 
0.89639 
0.91691 
0.90539 
0.90569 
0.91032 
0.90553 
0.88877 
0.90060 
0.90089 
0.90051 
0.88876 
0.87339 
0.88983 
0.85688 
0.87947 
0.87845 
0.86146 
0.89456 
0.85654 
0.86019 
0.85434 
0.85125 
0.87833 
0.83582 
0.82339 
0.85829 
0.81609 
0.86117 
0.84927 
0.84117 
0.83976 
0.84498 
0.85754 
0.80624 
0.80246 
0.77489 
0.79935 
0.75950 
0.73107 
0.63961 
0.48153 
0.37448 
0.13957 
0.17217 
0.16304 
0.34301 
0.21832 
0.05224 
0.25639 
0.20607 
0.35462 
0.29845 
0.09682 
0.25309 
0.13641 
0.15852 
0.28973 
0.08741 
0.03934 
0.13286 
0.31595 
0.39440 
-0.10207 
0.30120 
0.16715 
0.05345 
0.19851 
0.08768 
0.29064 
0.08477 
0.31203 
0.15556 
0.15560 
0.20796 
0.12888 
0.10757 
0.41253 
0.17154 
-0.12593 
0.20276 
0.10035 
0.25323 
0.08001 
0.25122 
-0.06149 
0.35735 
0.21849 
0.21482 
0.31929 
0.66543 
0.51708 
0.24218 
0.03328 
0.33379 
0.25765 
0.34706 
0.32701 
0.13242 
0.01767 
0.26620 
0.23930 
0.15969 
0.03477 
0.18090 
0.22308 
0.01228 
0.25719 
0.05542 
-0.04943 
0.16624 
0.24821 
0.31636 
-0.02174 
0.27951 
0.21764 
0.05277 
0.00938 
0.12629 
0.21601 
0.11584 
0.25190 
0.18203 
0.04628 
0.29055 
0.26101 
-0.02858 
0.33999 
0.14751 
0.01974 
0.12629 
0.09984 
-0.02298 
0.15534 
0.26499 
0.09775 
0.27162 
0.12292 
0.25698 
0.15293 
