correlations 
0.95299 
0.94836 
0.93691 
0.89580 
0.93880 
0.93912 
0.92604 
0.93047 
0.92893 
0.92012 
0.90778 
0.91108 
0.91947 
0.88271 
0.89674 
0.90894 
0.91355 
0.88926 
0.90648 
0.90040 
0.86952 
0.89560 
0.90681 
0.88908 
0.87425 
0.88325 
0.85558 
0.90062 
0.88525 
0.87558 
0.84828 
0.87640 
0.86772 
0.87784 
0.85267 
0.86272 
0.88459 
0.87024 
0.84016 
0.87795 
0.85128 
0.85369 
0.85815 
0.83766 
0.83852 
0.83011 
0.81688 
0.80693 
0.83022 
0.82768 
0.66806 
0.47922 
0.26536 
0.68360 
0.22763 
0.03052 
0.35800 
0.28674 
0.23896 
0.27181 
0.33149 
0.29833 
0.21563 
0.20250 
0.33856 
0.06537 
0.00238 
0.14545 
0.26819 
0.20611 
0.18365 
0.35284 
0.08312 
0.27211 
0.12647 
0.14883 
0.35316 
0.10921 
0.11559 
0.10078 
0.26717 
0.12225 
0.24585 
0.20628 
0.14086 
0.22968 
0.07264 
0.12565 
0.25487 
-0.00188 
0.10111 
0.11814 
0.14256 
0.21834 
0.11491 
0.29717 
0.20841 
0.25677 
0.10168 
0.28269 
0.62682 
0.56226 
0.28984 
0.48310 
0.16341 
0.10401 
0.33403 
0.22531 
-0.00167 
0.11194 
0.15099 
0.22133 
0.09700 
0.19707 
0.15999 
0.21677 
0.12314 
0.17688 
0.29570 
0.07895 
0.31566 
0.06316 
0.12131 
0.20453 
0.22141 
0.11178 
0.22607 
0.11758 
0.15923 
0.21187 
0.27363 
0.22355 
0.26148 
0.20973 
0.22383 
0.10043 
0.06847 
0.08130 
0.25350 
0.20793 
0.22857 
0.09950 
0.13009 
0.26916 
0.23134 
0.09907 
0.16784 
0.28598 
-0.00897 
0.10500 
