correlations 
0.46629 
0.34292 
0.43820 
0.34681 
0.32876 
0.37480 
0.36833 
0.34514 
0.03057 
0.35352 
0.42644 
0.36487 
0.32375 
0.19933 
0.32331 
-0.23018 
0.31256 
0.08946 
0.22151 
0.21315 
0.35512 
0.29400 
0.31417 
0.26004 
0.36203 
0.22041 
0.26734 
-0.14442 
0.35520 
0.30318 
0.20830 
0.18992 
0.00074 
0.31997 
0.12785 
0.33730 
0.05737 
0.12132 
0.22348 
0.16260 
0.33521 
-0.04272 
-0.14373 
-0.01768 
0.30887 
0.07905 
0.23035 
0.25005 
0.33220 
0.03483 
0.47606 
0.27151 
0.45718 
0.34637 
0.22319 
0.44514 
0.21821 
0.39424 
0.10110 
0.35402 
0.38580 
0.33058 
0.38176 
0.25948 
0.31103 
-0.26634 
0.17003 
0.00061 
0.23469 
0.13013 
0.23550 
0.30569 
0.23035 
0.34989 
0.19131 
0.16379 
0.28947 
-0.22373 
0.29785 
0.26966 
0.12366 
0.23458 
-0.13557 
0.13125 
-0.06961 
0.06535 
0.04242 
0.10116 
0.06332 
-0.01477 
0.27062 
-0.02749 
-0.12894 
-0.07255 
0.35775 
-0.00070 
0.07318 
0.21792 
0.18758 
-0.11493 
0.43432 
0.31842 
0.31182 
0.28720 
0.27536 
0.39839 
0.40503 
0.27612 
-0.12832 
0.21483 
0.46302 
0.15423 
0.33952 
0.24625 
0.35308 
-0.24055 
0.22966 
0.01268 
0.15122 
0.02572 
0.26570 
0.13876 
0.26251 
0.21399 
0.32814 
0.21018 
0.16201 
-0.13678 
0.34561 
0.30885 
0.12816 
0.13704 
-0.12686 
0.23433 
0.04224 
0.21577 
-0.03961 
0.03591 
0.15573 
0.13769 
0.04807 
0.02275 
-0.21880 
0.01260 
0.25729 
0.09504 
0.14735 
0.20918 
0.26725 
-0.01626 
