correlations 
0.50327 
0.36371 
0.42466 
0.43928 
0.36299 
0.32249 
0.41365 
0.30366 
0.42980 
0.40978 
0.46804 
-0.33555 
0.39097 
0.34938 
0.23841 
0.35749 
0.35353 
0.41760 
0.40891 
0.33206 
0.35056 
0.38618 
-0.24103 
0.38871 
0.33102 
0.12462 
0.32812 
0.30566 
0.44014 
0.36807 
0.31898 
0.29900 
0.32525 
0.37309 
0.32754 
0.41573 
0.28841 
0.32958 
0.28936 
0.33577 
0.30202 
0.33185 
0.34653 
0.37270 
0.33129 
0.26853 
0.26982 
0.26885 
0.32457 
0.27269 
0.39914 
0.17946 
0.39687 
0.28063 
0.23924 
0.19858 
0.26366 
0.40632 
0.32108 
0.30108 
0.22154 
-0.22869 
0.14696 
0.13059 
-0.02635 
0.21573 
0.18466 
0.21877 
0.20397 
0.21962 
0.41873 
0.28184 
-0.20647 
0.26644 
0.20758 
0.09156 
-0.00414 
0.01710 
0.20753 
0.02679 
0.18033 
0.25833 
0.15290 
0.12374 
0.27104 
0.19457 
0.11017 
0.00792 
0.04460 
0.07655 
0.17317 
0.12252 
0.15136 
0.11218 
0.05934 
0.06879 
-0.03441 
0.15201 
0.00274 
0.09154 
0.32965 
0.38635 
0.30722 
0.32523 
0.21039 
0.18857 
0.31743 
0.16783 
0.38537 
0.30263 
0.26314 
-0.25232 
0.27706 
0.29766 
0.10665 
0.16328 
0.24283 
0.31128 
0.15291 
0.13552 
0.24858 
0.23688 
-0.22249 
0.25821 
0.25121 
0.05697 
0.03147 
0.10297 
0.37157 
0.31890 
0.23099 
0.12575 
0.15855 
0.08742 
0.21991 
0.10478 
0.21903 
0.08956 
0.00069 
0.14988 
0.19598 
0.15717 
0.18797 
0.03048 
0.14549 
0.13598 
0.02119 
0.11957 
0.09054 
0.07651 
