correlations 
0.38386 
0.44648 
0.41238 
0.42313 
0.35054 
0.40085 
0.42939 
0.42843 
0.37571 
0.31444 
0.39224 
0.26843 
0.36684 
0.34095 
0.38843 
0.35398 
0.16946 
0.31873 
0.34094 
0.37664 
0.26923 
0.32984 
0.33566 
-0.02269 
0.35675 
0.36153 
0.26723 
0.33313 
0.34214 
0.33813 
0.43824 
0.33772 
-0.28930 
0.32377 
0.31628 
0.30503 
0.24532 
0.37265 
0.25433 
0.32594 
0.33357 
0.31119 
0.37283 
0.27674 
0.31733 
0.26130 
0.37735 
0.34334 
0.34341 
0.28121 
0.15264 
0.38311 
0.28809 
0.43475 
0.26478 
0.28124 
0.43997 
0.20483 
0.31846 
0.16397 
0.40790 
-0.06066 
0.47806 
0.29914 
0.06889 
0.22620 
0.16707 
0.08019 
0.47634 
0.23828 
-0.03131 
0.12318 
0.36899 
-0.02930 
0.33984 
0.40591 
0.11662 
0.09321 
0.30228 
0.11655 
0.17387 
0.11531 
-0.22560 
0.28252 
0.05572 
0.34605 
0.02345 
0.24487 
0.02108 
0.27729 
0.15025 
0.14843 
0.20339 
0.00555 
0.13914 
0.01089 
0.21045 
0.27102 
0.18202 
0.07930 
0.33031 
0.37167 
0.29700 
0.42370 
0.23604 
0.27353 
0.37016 
0.36062 
0.33370 
0.25795 
0.32814 
-0.00447 
0.41678 
0.16697 
0.13720 
0.29208 
0.17468 
0.21280 
0.32218 
0.20543 
0.18134 
0.14434 
0.33800 
-0.01688 
0.30313 
0.21381 
0.21347 
0.28199 
0.26147 
0.17447 
0.18514 
0.21045 
-0.23703 
0.28990 
0.21677 
0.25548 
0.21524 
0.32173 
0.06046 
0.18090 
0.24479 
0.08605 
0.42267 
0.24978 
0.14925 
0.28097 
0.17922 
0.22160 
0.11280 
0.22094 
