correlations 
0.43392 
0.43350 
0.38419 
0.40954 
0.30904 
0.40288 
0.41400 
0.35825 
0.35479 
0.42957 
0.36441 
0.39921 
0.27126 
0.29302 
0.35951 
0.27901 
0.35101 
0.33040 
0.36586 
0.29646 
0.32212 
0.29776 
0.33328 
0.26542 
0.26059 
0.36327 
0.35202 
0.35901 
0.25204 
0.22764 
-0.20148 
0.27158 
0.33517 
0.31117 
0.35525 
0.37275 
0.29136 
-0.17246 
0.33032 
0.27564 
0.31899 
0.26448 
0.25210 
0.31220 
0.30139 
0.27549 
-0.28792 
0.28917 
0.31415 
0.33984 
0.38979 
0.45877 
0.40458 
0.28099 
0.35116 
0.30570 
0.40382 
0.28396 
0.30733 
0.28360 
0.35778 
0.22825 
0.27794 
0.35956 
0.26110 
0.14895 
0.25524 
0.30367 
0.29062 
0.41427 
0.31518 
0.02685 
0.35875 
-0.02721 
0.10258 
0.18526 
0.23578 
0.26029 
0.14063 
0.07599 
-0.28524 
0.28088 
0.20810 
0.06514 
0.22887 
0.23861 
0.13871 
-0.12119 
0.22765 
0.11023 
0.11942 
0.11777 
0.26559 
0.19260 
0.22758 
0.02890 
-0.34475 
0.23534 
0.13000 
0.31262 
0.36702 
0.48991 
0.41411 
0.37354 
0.30425 
0.38387 
0.38692 
0.33465 
0.43663 
0.30232 
0.30189 
0.29386 
0.19596 
0.42617 
0.38381 
0.23658 
0.14823 
0.25919 
0.34767 
0.30069 
0.26357 
0.19300 
0.25026 
0.08246 
0.13082 
0.26988 
0.28737 
0.19282 
0.11697 
0.11585 
-0.13691 
0.13983 
0.17384 
0.02410 
0.29648 
0.30236 
0.09857 
-0.26591 
0.26983 
0.18777 
0.12409 
0.17005 
0.33110 
0.09347 
0.11391 
0.12960 
-0.31456 
0.14247 
0.11408 
0.19715 
