correlations 
0.39649 
0.43143 
0.42298 
0.40139 
0.35478 
0.43134 
0.39447 
0.34450 
0.38721 
-0.00019 
0.33931 
0.31371 
0.44819 
0.32228 
0.40801 
0.32385 
0.35705 
0.28709 
0.33599 
0.28698 
0.35375 
0.39930 
0.16006 
0.37551 
0.25346 
0.36404 
0.32811 
0.30281 
0.27588 
0.30707 
0.36973 
0.35071 
0.31170 
0.41048 
0.30704 
0.34527 
0.39154 
0.26835 
0.27518 
0.31898 
0.37355 
0.32701 
-0.16807 
0.32248 
0.33578 
0.25318 
0.32320 
0.31772 
0.24522 
0.29459 
0.15367 
0.38065 
0.26536 
0.49014 
0.24925 
0.46007 
0.20036 
0.34135 
0.17592 
-0.03904 
0.38597 
0.31836 
0.27480 
0.10500 
0.18138 
-0.00400 
0.19835 
0.11584 
0.15004 
0.09929 
0.41915 
0.37601 
0.10645 
0.03171 
0.13870 
0.33473 
0.16779 
0.34595 
-0.08946 
0.21803 
0.14011 
0.44626 
0.00084 
0.21672 
0.13981 
0.15096 
0.22820 
0.04887 
-0.00906 
0.11396 
0.17405 
0.11667 
-0.23985 
0.05253 
0.05219 
0.10981 
0.39259 
0.01437 
-0.00845 
0.32622 
0.35682 
0.37070 
0.31932 
0.40730 
0.31170 
0.38935 
0.33386 
0.24549 
0.27431 
0.04806 
0.23699 
0.30637 
0.28043 
0.25495 
0.12081 
0.01942 
0.32625 
0.26946 
0.03749 
0.22336 
0.27295 
0.36599 
0.13092 
0.16945 
0.19670 
0.26701 
0.13040 
0.24807 
0.19025 
0.34045 
0.15970 
0.25286 
-0.02012 
0.04097 
0.13617 
0.29460 
0.19009 
0.10765 
0.13934 
0.13177 
0.21744 
0.19908 
-0.14695 
0.10994 
0.07119 
0.13100 
0.26859 
0.12086 
-0.03458 
0.22118 
