correlations 
0.50327 
0.36369 
0.42467 
0.44805 
0.43831 
0.35878 
0.46648 
0.36783 
0.32011 
0.41924 
0.39841 
0.29851 
0.39683 
0.33319 
0.31367 
0.28712 
0.33404 
0.28162 
0.36723 
0.37766 
0.29972 
0.41525 
0.40185 
0.33573 
0.34473 
0.38604 
0.33931 
0.37499 
0.29774 
0.34915 
0.35806 
0.35143 
0.35558 
0.31993 
0.29533 
0.31026 
0.34080 
0.28449 
0.25782 
0.39499 
0.35719 
0.38529 
0.34065 
0.34975 
0.31874 
0.33900 
0.33020 
0.37581 
0.35032 
0.31140 
0.39914 
0.17943 
0.39689 
0.28303 
0.31781 
0.23494 
0.36814 
0.16206 
0.21170 
0.26225 
0.35201 
0.11370 
0.15850 
0.34621 
0.02281 
0.17647 
0.36949 
-0.00547 
0.24163 
0.31998 
0.17627 
0.25690 
0.19506 
0.07605 
0.19969 
0.27674 
0.23719 
0.17750 
0.27721 
0.15088 
-0.00494 
0.38766 
0.24067 
0.20402 
0.16235 
0.16170 
0.06746 
-0.10925 
0.03628 
0.09382 
0.10918 
0.14009 
0.07246 
0.13322 
0.23735 
0.26249 
0.32129 
-0.00023 
0.11971 
0.02196 
0.32966 
0.38633 
0.30722 
0.32917 
0.38144 
0.20578 
0.37295 
0.33597 
0.19390 
0.23694 
0.28682 
0.24471 
0.24895 
0.16925 
0.22032 
0.13363 
0.22278 
0.12810 
0.19441 
0.26590 
0.07134 
0.21377 
0.27315 
0.20465 
0.25338 
0.27860 
0.21379 
0.18339 
0.12014 
0.12441 
0.02074 
0.27043 
0.22709 
0.16870 
0.27317 
0.21691 
0.15440 
0.11911 
0.03985 
0.20707 
0.18175 
0.00336 
0.26429 
0.09421 
0.16769 
0.04945 
0.20699 
-0.02613 
0.12081 
0.04041 
