correlations 
0.43327 
0.40819 
0.37174 
0.37219 
0.36776 
0.37324 
0.38018 
0.41365 
0.35606 
0.30182 
0.41287 
-0.16353 
0.31417 
0.35382 
0.29311 
0.35242 
0.16773 
-0.06845 
0.28842 
0.03339 
0.33957 
0.28442 
0.17570 
-0.06311 
0.34163 
0.29337 
0.32622 
0.04349 
0.27121 
0.07443 
0.16915 
0.22301 
0.16570 
-0.08503 
0.29717 
0.06300 
0.05042 
0.22543 
-0.07332 
0.27615 
0.18963 
0.22475 
0.08821 
0.30334 
0.21441 
0.23628 
0.19821 
0.25994 
0.11082 
0.01881 
0.20449 
0.32177 
0.35779 
0.39129 
0.13450 
0.14828 
0.29270 
0.40970 
0.14193 
0.22717 
0.48164 
-0.08023 
0.10007 
0.11755 
0.25956 
0.38776 
0.13868 
0.00098 
0.21265 
-0.01829 
0.46183 
0.20145 
0.22005 
-0.17457 
0.22399 
0.14609 
0.13535 
0.00870 
0.44581 
0.05071 
0.21373 
0.15891 
-0.01160 
-0.21844 
0.21286 
0.07411 
-0.02795 
0.02382 
-0.05821 
0.06141 
0.23712 
0.14159 
-0.04230 
0.33950 
0.31631 
0.07963 
0.03603 
0.30049 
0.12238 
-0.13456 
0.38056 
0.49476 
0.29346 
0.41167 
0.37398 
0.31599 
0.34140 
0.35919 
0.20039 
0.43772 
0.35172 
-0.08643 
0.24333 
0.22693 
0.28332 
0.37472 
0.21859 
-0.12737 
0.26131 
0.07696 
0.42843 
0.15669 
0.13922 
-0.10164 
0.23733 
0.23748 
0.09907 
0.06471 
0.27787 
0.02780 
0.17406 
0.28748 
0.11466 
-0.18201 
0.21294 
0.03522 
0.07810 
0.12435 
0.09636 
0.17874 
0.19089 
0.15714 
0.01799 
0.30810 
0.17752 
0.09032 
0.06207 
0.26381 
0.00467 
-0.12183 
