correlations 
0.45747 
0.40554 
0.43725 
0.31013 
0.44219 
0.41458 
0.38520 
0.40197 
0.39533 
0.39719 
0.40233 
0.33425 
0.36844 
0.30012 
0.42032 
0.36482 
-0.13962 
0.31426 
-0.33088 
0.35965 
0.36463 
0.28902 
0.33401 
0.35186 
0.33347 
0.30214 
0.30541 
0.30529 
0.29529 
0.33673 
0.41086 
0.31308 
0.35578 
0.30591 
-0.19668 
0.36418 
0.43580 
0.33602 
0.33413 
0.28718 
0.27139 
0.30570 
0.29765 
0.33598 
0.36673 
0.34953 
0.34678 
0.33958 
0.25620 
0.26176 
0.25082 
0.45535 
0.39478 
0.42371 
0.22303 
0.20413 
0.28874 
0.28666 
0.16404 
0.19784 
0.29248 
0.32431 
0.38630 
0.31903 
0.36433 
0.13612 
-0.00401 
0.17278 
-0.20790 
0.33668 
0.28670 
0.11703 
0.21633 
0.08802 
-0.01490 
0.18777 
0.06629 
0.10882 
0.07030 
-0.05474 
0.14198 
-0.00339 
0.22954 
0.18065 
-0.20004 
0.13600 
0.18457 
-0.02844 
0.14576 
0.28717 
0.27153 
-0.09104 
0.13247 
0.18458 
-0.02074 
0.07756 
0.16847 
0.29435 
0.24168 
0.22176 
0.47913 
0.50926 
0.42810 
0.32321 
0.36241 
0.27691 
0.25132 
0.36024 
0.18327 
0.23525 
0.33334 
0.31171 
0.44867 
0.25970 
0.27167 
0.23365 
-0.02468 
0.29994 
-0.25708 
0.15101 
0.21511 
0.04704 
0.22870 
0.23535 
0.11063 
0.13396 
0.08146 
0.25746 
0.21290 
0.16536 
0.13923 
0.23220 
0.31897 
0.09468 
-0.22086 
-0.03409 
0.20714 
0.06712 
0.30462 
0.34794 
0.14470 
0.22939 
-0.01282 
0.03492 
0.16812 
0.21169 
0.12478 
0.18185 
0.14253 
0.18983 
