correlations 
0.42972 
0.40645 
0.31481 
0.42511 
0.14351 
0.35935 
0.34129 
0.39700 
0.24673 
0.15425 
0.25315 
0.34232 
0.25961 
0.37090 
0.33731 
0.39320 
0.39487 
0.16744 
-0.04096 
-0.09249 
0.29521 
0.10423 
-0.24942 
0.33815 
-0.25741 
0.17975 
0.28262 
0.27355 
0.04141 
0.27566 
-0.17427 
0.05503 
0.28466 
-0.30374 
0.22327 
0.27408 
0.25228 
0.17945 
0.16757 
0.28249 
0.17521 
-0.00504 
0.27046 
0.32444 
-0.21961 
0.26565 
-0.08459 
0.12278 
0.21708 
-0.10244 
0.45473 
0.35763 
0.22299 
0.40450 
0.07942 
0.40295 
0.33170 
0.22512 
0.17208 
0.21864 
0.25742 
0.37516 
0.23255 
0.33745 
0.26202 
0.36432 
0.43756 
0.14212 
-0.26938 
-0.31077 
0.23508 
0.23919 
-0.36494 
0.26673 
-0.22948 
0.20826 
0.32297 
0.16477 
0.05646 
0.31819 
-0.16563 
-0.13401 
0.25823 
-0.42516 
0.33895 
0.29297 
0.13725 
0.14403 
0.19546 
0.19852 
0.22966 
-0.25969 
0.16865 
0.29243 
-0.22642 
0.20465 
-0.06423 
0.00255 
0.26375 
-0.12334 
0.48343 
0.33635 
0.34726 
0.47008 
0.14987 
0.35581 
0.36482 
0.34238 
0.33409 
0.11676 
0.20930 
0.22545 
0.22762 
0.37268 
0.31029 
0.38754 
0.36304 
0.32050 
-0.19600 
-0.06522 
0.29429 
0.13750 
-0.19121 
0.14942 
-0.25256 
0.08057 
0.28670 
0.27169 
-0.01997 
0.27980 
-0.20524 
-0.08523 
0.18968 
-0.33198 
0.24701 
0.24193 
0.17284 
0.23045 
0.16856 
0.24590 
0.26005 
-0.06306 
0.23853 
0.47073 
-0.19872 
0.15017 
-0.17993 
0.13520 
0.29478 
-0.08601 
