correlations 
0.22376 
0.35702 
0.33837 
0.35095 
0.32816 
0.34300 
0.24258 
0.27626 
0.31289 
-0.02783 
0.22238 
0.32082 
-0.09438 
0.18975 
0.27821 
-0.07411 
-0.07916 
0.32884 
-0.13028 
0.20653 
-0.12428 
0.25614 
0.27415 
0.12789 
0.17024 
0.28660 
-0.00942 
0.28694 
0.35957 
-0.21274 
0.10394 
0.16391 
0.12668 
0.20096 
0.24604 
0.29411 
0.09000 
0.30485 
0.27854 
0.25931 
0.25744 
0.03382 
0.23650 
0.21866 
-0.18738 
0.10435 
0.23222 
0.25962 
0.24179 
0.17217 
0.18436 
0.13857 
0.34149 
0.43755 
0.22901 
0.22703 
0.07130 
0.20371 
0.15617 
0.06946 
0.29625 
0.30698 
-0.13686 
0.13564 
0.06849 
-0.19142 
-0.27505 
0.24289 
-0.13482 
0.19715 
-0.13446 
-0.00204 
0.27328 
0.14345 
0.00496 
0.22282 
0.12437 
0.13744 
0.15951 
-0.18396 
0.19968 
0.10124 
0.17652 
0.17753 
0.09537 
0.24734 
-0.05550 
0.28834 
0.30865 
0.30718 
0.11755 
-0.17715 
0.05160 
0.23851 
-0.13324 
0.00987 
0.09695 
0.05470 
0.16102 
0.11388 
0.14425 
0.26433 
0.26647 
0.40102 
0.32286 
0.16940 
0.17551 
0.20164 
0.26710 
-0.05041 
0.16440 
0.28603 
-0.01835 
0.14479 
0.09462 
-0.19601 
-0.14275 
0.17427 
-0.07046 
0.11578 
0.00176 
0.22231 
0.26271 
0.06746 
0.06456 
0.22632 
-0.01953 
0.13652 
0.25241 
-0.20833 
-0.13647 
0.19704 
0.15579 
-0.09505 
0.08700 
0.17539 
0.05011 
0.34505 
0.25445 
0.19245 
0.11421 
0.03384 
0.21873 
0.18842 
-0.12300 
0.00843 
0.02067 
0.14150 
0.12408 
0.10986 
