correlations 
0.38288 
0.43973 
0.38339 
0.38721 
0.44135 
0.34900 
0.41718 
0.38764 
0.36603 
0.35045 
0.39652 
0.31671 
0.26721 
0.34941 
0.44229 
0.31742 
0.32247 
0.33664 
0.42202 
0.39202 
0.39202 
0.37361 
0.30102 
0.35863 
0.32887 
0.27514 
0.30381 
0.00946 
0.30060 
-0.18377 
0.25159 
0.34858 
0.34732 
0.33254 
0.29990 
0.32946 
0.28273 
0.24477 
0.35939 
0.34417 
0.33251 
0.32460 
0.34189 
0.36060 
0.37812 
0.25430 
0.39363 
0.30245 
0.32394 
0.24959 
0.33844 
0.45418 
0.39044 
0.33218 
0.40099 
0.35541 
0.38101 
0.28304 
0.25361 
0.25842 
0.33202 
0.18000 
0.09176 
0.15190 
0.31559 
0.33781 
0.09375 
0.07533 
0.34647 
0.29915 
0.36650 
0.06240 
0.16165 
0.26690 
0.08656 
0.00286 
0.24293 
-0.08912 
0.12840 
-0.30920 
0.03532 
0.29963 
0.16423 
0.33516 
0.32156 
0.37006 
0.09510 
-0.01562 
0.07559 
0.12798 
0.09197 
0.20632 
0.11644 
0.17587 
-0.01256 
-0.01225 
0.07565 
0.17481 
0.26241 
0.15244 
0.31140 
0.51007 
0.39846 
0.42409 
0.40907 
0.47524 
0.30793 
0.20053 
0.33943 
0.20517 
0.39398 
0.28165 
0.13152 
0.25703 
0.27329 
0.20035 
0.20928 
0.10784 
0.25406 
0.22446 
0.24620 
0.12718 
0.10516 
0.30734 
0.16368 
0.19951 
0.13040 
-0.05393 
0.32653 
-0.29797 
0.02585 
0.21148 
0.10039 
0.22337 
0.11432 
0.21667 
0.04215 
-0.04817 
0.08374 
0.29854 
0.00115 
0.12518 
0.26663 
0.26261 
0.08433 
0.15201 
0.12729 
0.16192 
0.17994 
0.13959 
