correlations 
0.47994 
0.40546 
0.36862 
0.39682 
0.36487 
0.39895 
0.41781 
0.35100 
0.41238 
0.30362 
0.30456 
0.28108 
0.36237 
-0.22790 
0.40970 
0.44076 
0.29009 
0.39904 
0.34219 
0.29970 
0.38246 
0.40073 
0.36303 
0.29705 
0.29448 
0.04203 
0.33237 
0.34792 
0.31530 
0.32153 
0.33878 
0.31366 
0.35544 
0.34915 
0.33187 
0.32211 
0.19197 
0.31832 
-0.15578 
0.24856 
0.41125 
0.34689 
0.36456 
0.28806 
0.36910 
0.32040 
0.35618 
0.33262 
0.31828 
0.29446 
0.48581 
0.43753 
0.41325 
0.30669 
0.27645 
0.35258 
0.34649 
0.39160 
0.28365 
0.00617 
-0.12257 
0.20042 
0.44021 
-0.06899 
0.20076 
0.27964 
0.31383 
0.40070 
0.33088 
-0.02087 
0.16897 
0.21888 
0.19436 
0.19030 
0.03425 
0.00115 
0.24466 
0.27947 
0.15221 
0.24150 
0.05457 
0.11123 
0.02286 
0.16824 
0.15768 
0.11570 
0.07389 
0.36951 
-0.11589 
0.25273 
0.28873 
0.12459 
0.10923 
0.05256 
0.30890 
0.24961 
0.07278 
0.21153 
0.29440 
-0.02883 
0.45920 
0.40495 
0.32890 
0.37934 
0.29291 
0.30821 
0.37008 
0.18926 
0.40399 
0.15907 
0.20112 
0.03444 
0.33276 
-0.29918 
0.46603 
0.23380 
0.12004 
0.27952 
0.28344 
0.03313 
0.25881 
0.32363 
0.26324 
0.24650 
0.18974 
-0.06148 
0.17902 
0.27690 
0.08915 
0.21385 
0.13292 
0.18983 
0.02547 
0.20545 
0.04486 
0.06700 
0.02994 
0.02805 
-0.09648 
0.09405 
0.29876 
0.11482 
0.19040 
0.04237 
0.01805 
0.21682 
0.05375 
-0.10139 
0.23903 
0.03866 
