correlations 
0.42646 
0.41595 
0.28625 
0.31464 
0.07578 
0.30942 
0.34022 
-0.07019 
0.08893 
0.36944 
0.29851 
0.23261 
0.33592 
0.22575 
0.14832 
0.15493 
0.19929 
0.30403 
0.33417 
0.18727 
0.33127 
0.29429 
0.06110 
0.14176 
0.18021 
0.10906 
0.14204 
0.23852 
0.25823 
0.26573 
-0.02123 
-0.00847 
0.28850 
-0.04643 
0.30162 
0.22886 
0.37384 
-0.06369 
-0.00217 
0.14033 
0.25814 
0.21535 
-0.03244 
0.33008 
0.23819 
-0.13431 
0.29619 
0.08200 
0.13019 
0.26694 
0.32788 
0.35958 
0.09202 
0.26367 
-0.03820 
0.09727 
0.22967 
-0.14070 
0.19126 
0.26586 
0.20163 
-0.11098 
0.24951 
0.16920 
-0.04374 
0.13218 
0.00884 
0.32073 
0.12507 
0.21907 
0.11794 
0.20986 
0.07467 
0.01580 
0.00140 
0.06659 
0.18240 
0.11674 
0.08734 
0.20131 
0.06462 
0.02380 
0.26249 
-0.12280 
0.23385 
0.09483 
0.04610 
0.22822 
-0.08953 
0.05140 
0.10018 
0.08825 
0.08061 
0.21333 
0.23132 
-0.05614 
0.12178 
0.13159 
0.17306 
0.04784 
0.32513 
0.43417 
0.13832 
0.27232 
-0.09105 
0.31071 
0.20302 
-0.20613 
0.06592 
0.31530 
0.25840 
0.15128 
0.23267 
0.09126 
0.16159 
0.10046 
0.21986 
0.24971 
0.11848 
0.16997 
0.14291 
0.23347 
0.10513 
0.02603 
0.14823 
0.00930 
0.10692 
0.09870 
0.12096 
0.27242 
-0.05872 
-0.15158 
0.16678 
-0.09928 
0.25446 
0.12778 
0.26417 
-0.07786 
-0.10264 
0.04177 
0.24122 
0.14394 
-0.04201 
0.25871 
0.20723 
-0.09501 
0.23988 
0.05257 
-0.03988 
0.05519 
