correlations 
0.44565 
0.43722 
0.45906 
0.42316 
0.37402 
0.36074 
0.35966 
0.37264 
0.40192 
0.37424 
0.37159 
0.35275 
0.32913 
0.39968 
0.37463 
0.35344 
0.33348 
0.36701 
0.29180 
0.34037 
0.30751 
0.31881 
0.27467 
0.33589 
0.34383 
0.35969 
0.30785 
0.28790 
0.33679 
0.32974 
0.31345 
0.31220 
0.30847 
0.28542 
0.27433 
0.32677 
0.36266 
0.33503 
0.38524 
-0.21688 
0.32475 
0.31565 
0.27890 
0.33426 
0.33326 
0.21479 
0.32537 
0.28894 
0.24725 
-0.21030 
0.18524 
0.39957 
0.23696 
0.47125 
0.31575 
0.42034 
0.39137 
0.18008 
0.28376 
0.15149 
0.25735 
0.26310 
0.17126 
0.15190 
0.17769 
0.16121 
0.41309 
0.21268 
0.28774 
0.18708 
0.14647 
0.12454 
0.25847 
0.24705 
0.10896 
0.38178 
0.23082 
0.08356 
0.10697 
0.26631 
0.37791 
0.18748 
0.09373 
0.02543 
0.23066 
0.37012 
0.38561 
0.19129 
0.33287 
-0.10325 
0.31322 
0.19777 
-0.00268 
0.11797 
-0.00213 
0.21743 
0.17034 
0.15782 
0.17205 
0.01188 
0.37838 
0.54188 
0.36513 
0.41425 
0.33555 
0.46136 
0.34694 
0.30546 
0.25316 
0.31740 
0.23728 
0.28323 
0.27864 
0.17838 
0.26433 
0.38204 
0.29410 
0.31667 
0.19114 
0.14224 
0.18123 
0.19222 
0.32820 
0.26337 
0.11659 
0.30902 
0.16446 
0.13799 
0.18906 
0.14932 
0.33901 
0.23799 
0.17790 
0.07685 
0.08408 
0.39360 
0.25762 
0.20229 
0.24599 
-0.12769 
0.41351 
0.19927 
0.00337 
0.27219 
0.12412 
0.12780 
0.25149 
0.12921 
0.23145 
-0.13752 
