correlations 
0.48726 
0.49582 
0.38742 
0.36890 
0.38528 
0.41953 
0.43096 
0.46392 
0.41599 
0.38336 
0.33562 
0.38163 
0.37356 
0.31790 
0.39413 
0.25915 
0.34586 
0.36443 
0.35521 
0.29271 
0.36502 
0.33066 
0.33319 
0.28809 
0.32466 
0.33049 
0.24426 
0.27365 
0.32789 
0.30069 
0.35608 
0.28495 
0.31959 
0.27115 
0.30822 
-0.06300 
-0.29043 
0.27848 
0.30800 
0.33395 
0.31123 
0.33440 
0.27532 
0.36568 
0.35579 
0.33941 
0.25762 
-0.22109 
0.06800 
0.38762 
0.48611 
0.47609 
0.33442 
0.37766 
0.36922 
0.18697 
0.37041 
0.47398 
0.37481 
0.35325 
0.45168 
0.26501 
0.33122 
0.13265 
0.30598 
0.11592 
0.32865 
0.23944 
0.15738 
-0.04620 
0.40346 
0.26155 
0.22301 
0.30709 
0.23987 
-0.03211 
0.22356 
0.16187 
0.37015 
0.24090 
0.28788 
0.08422 
0.10551 
0.11561 
0.04444 
-0.20098 
-0.24489 
0.20449 
0.15757 
0.35705 
0.02599 
0.36278 
-0.10813 
0.20760 
0.15725 
0.00650 
0.06434 
-0.15246 
0.04225 
0.33011 
0.46889 
0.35896 
0.45449 
0.35711 
0.29095 
0.25063 
0.33558 
0.33431 
0.36148 
0.36262 
0.32312 
0.45303 
0.28299 
0.26332 
0.36554 
0.11805 
0.24900 
0.28165 
0.30601 
0.15928 
0.17574 
0.31313 
0.30287 
0.14249 
0.25694 
0.04882 
0.15659 
0.22048 
0.11565 
0.11437 
0.29249 
0.18194 
0.04580 
0.15822 
0.08349 
-0.11643 
-0.26174 
0.06533 
0.19424 
0.16759 
0.28397 
0.35525 
0.11021 
0.18752 
0.31304 
0.13392 
0.20072 
-0.17164 
-0.09638 
0.22566 
